  -8  -8     3.057500E-12
  -8  -7     4.647543E-11
  -8  -6     4.914753E-10
  -8  -5     3.615764E-09
  -8  -4     1.850624E-08
  -8  -3     6.589541E-08
  -8  -2     1.632340E-07
  -8  -1     2.813093E-07
  -8   0     3.372681E-07
  -8   1     2.813093E-07
  -8   2     1.632340E-07
  -8   3     6.589541E-08
  -8   4     1.850624E-08
  -8   5     3.615764E-09
  -8   6     4.914753E-10
  -8   7     4.647543E-11
  -8   8     3.057500E-12
  -7  -8     4.655677E-11
  -7  -7     7.074823E-10
  -7  -6     7.479729E-09
  -7  -5     5.501647E-08
  -7  -4     2.815372E-07
  -7  -3     1.002338E-06
  -7  -2     2.482720E-06
  -7  -1     4.278348E-06
  -7   0     5.129308E-06
  -7   1     4.278348E-06
  -7   2     2.482720E-06
  -7   3     1.002338E-06
  -7   4     2.815372E-07
  -7   5     5.501647E-08
  -7   6     7.479729E-09
  -7   7     7.074823E-10
  -7   8     4.655677E-11
  -6  -8     4.930006E-10
  -6  -7     7.489389E-09
  -6  -6     7.915901E-08
  -6  -5     5.821147E-07
  -6  -4     2.978315E-06
  -6  -3     1.060196E-05
  -6  -2     2.625758E-05
  -6  -1     4.524555E-05
  -6   0     5.424374E-05
  -6   1     4.524555E-05
  -6   2     2.625758E-05
  -6   3     1.060196E-05
  -6   4     2.978315E-06
  -6   5     5.821147E-07
  -6   6     7.915901E-08
  -6   7     7.489389E-09
  -6   8     4.930006E-10
  -5  -8     3.630735E-09
  -5  -7     5.513777E-08
  -5  -6     5.826099E-07
  -5  -5     4.283314E-06
  -5  -4     2.191064E-05
  -5  -3     7.798349E-05
  -5  -2     1.931179E-04
  -5  -1     3.327474E-04
  -5   0     3.989135E-04
  -5   1     3.327474E-04
  -5   2     1.931179E-04
  -5   3     7.798349E-05
  -5   4     2.191064E-05
  -5   5     4.283314E-06
  -5   6     5.826099E-07
  -5   7     5.513777E-08
  -5   8     3.630735E-09
  -4  -8     1.859786E-08
  -4  -7     2.823334E-07
  -4  -6     2.982332E-06
  -4  -5     2.192016E-05
  -4  -4     1.121050E-04
  -4  -3     3.989329E-04
  -4  -2     9.877969E-04
  -4  -1     1.701878E-03
  -4   0     2.040243E-03
  -4   1     1.701878E-03
  -4   2     9.877969E-04
  -4   3     3.989329E-04
  -4   4     1.121050E-04
  -4   5     2.192016E-05
  -4   6     2.982332E-06
  -4   7     2.823334E-07
  -4   8     1.859786E-08
  -3  -8     6.626713E-08
  -3  -7     1.005612E-06
  -3  -6     1.061889E-05
  -3  -5     7.802683E-05
  -3  -4     3.989557E-04
  -3  -3     1.419453E-03
  -3  -2     3.514251E-03
  -3  -1     6.054243E-03
  -3   0     7.257754E-03
  -3   1     6.054243E-03
  -3   2     3.514251E-03
  -3   3     1.419453E-03
  -3   4     3.989557E-04
  -3   5     7.802683E-05
  -3   6     1.061889E-05
  -3   7     1.005612E-06
  -3   8     6.626713E-08
  -2  -8     1.642683E-07
  -2  -7     2.491763E-06
  -2  -6     2.630266E-05
  -2  -5     1.932113E-04
  -2  -4     9.876548E-04
  -2  -3     3.513315E-03
  -2  -2     8.696983E-03
  -2  -1     1.498165E-02
  -2   0     1.795932E-02
  -2   1     1.498165E-02
  -2   2     8.696983E-03
  -2   3     3.513315E-03
  -2   4     9.876548E-04
  -2   5     1.932113E-04
  -2   6     2.630266E-05
  -2   7     2.491763E-06
  -2   8     1.642683E-07
  -1  -8     2.833305E-07
  -1  -7     4.295891E-06
  -1  -6     4.532927E-05
  -1  -5     3.328662E-04
  -1  -4     1.701085E-03
  -1  -3     6.049891E-03
  -1  -2     1.497388E-02
  -1  -1     2.579209E-02
  -1   0     3.091747E-02
  -1   1     2.579209E-02
  -1   2     1.497388E-02
  -1   3     6.049891E-03
  -1   4     1.701085E-03
  -1   5     3.328662E-04
  -1   6     4.532927E-05
  -1   7     4.295891E-06
  -1   8     2.833305E-07
   0  -8     3.400891E-07
   0  -7     5.153996E-06
   0  -6     5.436116E-05
   0  -5     3.990492E-04
   0  -4     2.038719E-03
   0  -3     7.249053E-03
   0  -2     1.793901E-02
   0  -1     3.089646E-02
   0   0     3.703499E-02
   0   1     3.089646E-02
   0   2     1.793901E-02
   0   3     7.249053E-03
   0   4     2.038719E-03
   0   5     3.990492E-04
   0   6     5.436116E-05
   0   7     5.153996E-06
   0   8     3.400891E-07
   1  -8     2.841521E-07
   1  -7     4.304007E-06
   1  -6     4.537526E-05
   1  -5     3.329577E-04
   1  -4     1.700524E-03
   1  -3     6.045053E-03
   1  -2     1.495688E-02
   1  -1     2.575762E-02
   1   0     3.087407E-02
   1   1     2.575762E-02
   1   2     1.495688E-02
   1   3     6.045053E-03
   1   4     1.700524E-03
   1   5     3.329577E-04
   1   6     4.537526E-05
   1   7     4.304007E-06
   1   8     2.841521E-07
   2  -8     1.652886E-07
   2  -7     2.502190E-06
   2  -6     2.636665E-05
   2  -5     1.933954E-04
   2  -4     9.874019E-04
   2  -3     3.509118E-03
   2  -2     8.680768E-03
   2  -1     1.494770E-02
   2   0     1.791622E-02
   2   1     1.494770E-02
   2   2     8.680768E-03
   2   3     3.509118E-03
   2   4     9.874019E-04
   2   5     1.933954E-04
   2   6     2.636665E-05
   2   7     2.502190E-06
   2   8     1.652886E-07
   3  -8     6.695310E-08
   3  -7     1.012953E-06
   3  -6     1.066842E-05
   3  -5     7.821732E-05
   3  -4     3.992057E-04
   3  -3     1.418343E-03
   3  -2     3.507973E-03
   3  -1     6.039782E-03
   3   0     7.238962E-03
   3   1     6.039782E-03
   3   2     3.507973E-03
   3   3     1.418343E-03
   3   4     3.992057E-04
   3   5     7.821732E-05
   3   6     1.066842E-05
   3   7     1.012953E-06
   3   8     6.695310E-08
   4  -8     1.889042E-08
   4  -7     2.856201E-07
   4  -6     3.006531E-06
   4  -5     2.203288E-05
   4  -4     1.124098E-04
   4  -3     3.992676E-04
   4  -2     9.873022E-04
   4  -1     1.699660E-03
   4   0     2.037039E-03
   4   1     1.699660E-03
   4   2     9.873022E-04
   4   3     3.992676E-04
   4   4     1.124098E-04
   4   5     2.203288E-05
   4   6     3.006531E-06
   4   7     2.856201E-07
   4   8     1.889042E-08
   5  -8     3.713361E-09
   5  -7     5.610901E-08
   5  -6     5.902917E-07
   5  -5     4.323822E-06
   5  -4     2.205131E-05
   5  -3     7.830063E-05
   5  -2     1.935795E-04
   5  -1     3.332085E-04
   5   0     3.993328E-04
   5   1     3.332085E-04
   5   2     1.935795E-04
   5   3     7.830063E-05
   5   4     2.205131E-05
   5   5     4.323822E-06
   5   6     5.902917E-07
   5   7     5.610901E-08
   5   8     3.713361E-09
   6  -8     5.086997E-10
   6  -7     7.681328E-09
   6  -6     8.076451E-08
   6  -5     5.913047E-07
   6  -4     3.014441E-06
   6  -3     1.070052E-05
   6  -2     2.644872E-05
   6  -1     4.552027E-05
   6   0     5.455128E-05
   6   1     4.552027E-05
   6   2     2.644872E-05
   6   3     1.070052E-05
   6   4     3.014441E-06
   6   5     5.913047E-07
   6   6     8.076451E-08
   6   7     7.681328E-09
   6   8     5.086997E-10
   7  -8     4.857762E-11
   7  -7     7.330168E-10
   7  -6     7.702694E-09
   7  -5     5.636619E-08
   7  -4     2.872363E-07
   7  -3     1.019300E-06
   7  -2     2.518868E-06
   7  -1     4.334589E-06
   7   0     5.194321E-06
   7   1     4.334589E-06
   7   2     2.518868E-06
   7   3     1.019300E-06
   7   4     2.872363E-07
   7   5     5.636619E-08
   7   6     7.702694E-09
   7   7     7.330168E-10
   7   8     4.857762E-11
   8  -8     3.234443E-12
   8  -7     4.877252E-11
   8  -6     5.122054E-10
   8  -5     3.746297E-09
   8  -4     1.908294E-08
   8  -3     6.769722E-08
   8  -2     1.672539E-07
   8  -1     2.877798E-07
   8   0     3.448432E-07
   8   1     2.877798E-07
   8   2     1.672539E-07
   8   3     6.769722E-08
   8   4     1.908294E-08
   8   5     3.746297E-09
   8   6     5.122054E-10
   8   7     4.877252E-11
   8   8     3.234443E-12
