  -8  -8     3.029318E-12
  -8  -7     4.610396E-11
  -8  -6     4.880724E-10
  -8  -5     3.594027E-09
  -8  -4     1.840893E-08
  -8  -3     6.558800E-08
  -8  -2     1.625426E-07
  -8  -1     2.801910E-07
  -8   0     3.359569E-07
  -8   1     2.801910E-07
  -8   2     1.625426E-07
  -8   3     6.558800E-08
  -8   4     1.840893E-08
  -8   5     3.594027E-09
  -8   6     4.880724E-10
  -8   7     4.610396E-11
  -8   8     3.029318E-12
  -7  -8     4.618360E-11
  -7  -7     7.026875E-10
  -7  -6     7.437094E-09
  -7  -5     5.475331E-08
  -7  -4     2.804030E-07
  -7  -3     9.988935E-07
  -7  -2     2.475250E-06
  -7  -1     4.266590E-06
  -7   0     5.115663E-06
  -7   1     4.266590E-06
  -7   2     2.475250E-06
  -7   3     9.988935E-07
  -7   4     2.804030E-07
  -7   5     5.475331E-08
  -7   6     7.437094E-09
  -7   7     7.026875E-10
  -7   8     4.618360E-11
  -6  -8     4.895247E-10
  -6  -7     7.446014E-09
  -6  -6     7.878714E-08
  -6  -5     5.799207E-07
  -6  -4     2.969360E-06
  -6  -3     1.057640E-05
  -6  -2     2.620556E-05
  -6  -1     4.516775E-05
  -6   0     5.415526E-05
  -6   1     4.516775E-05
  -6   2     2.620556E-05
  -6   3     1.057640E-05
  -6   4     2.969360E-06
  -6   5     5.799207E-07
  -6   6     7.878714E-08
  -6   7     7.446014E-09
  -6   8     4.895247E-10
  -5  -8     3.607975E-09
  -5  -7     5.486306E-08
  -5  -6     5.803577E-07
  -5  -5     4.270809E-06
  -5  -4     2.186366E-05
  -5  -3     7.786347E-05
  -5  -2     1.929046E-04
  -5  -1     3.324671E-04
  -5   0     3.986127E-04
  -5   1     3.324671E-04
  -5   2     1.929046E-04
  -5   3     7.786347E-05
  -5   4     2.186366E-05
  -5   5     4.270809E-06
  -5   6     5.803577E-07
  -5   7     5.486306E-08
  -5   8     3.607975E-09
  -4  -8     1.849304E-08
  -4  -7     2.811137E-07
  -4  -6     2.972854E-06
  -4  -5     2.187171E-05
  -4  -4     1.119461E-04
  -4  -3     3.986133E-04
  -4  -2     9.874414E-04
  -4  -1     1.701717E-03
  -4   0     2.040231E-03
  -4   1     1.701717E-03
  -4   2     9.874414E-04
  -4   3     3.986133E-04
  -4   4     1.119461E-04
  -4   5     2.187171E-05
  -4   6     2.972854E-06
  -4   7     2.811137E-07
  -4   8     1.849304E-08
  -3  -8     6.592649E-08
  -3  -7     1.001795E-06
  -3  -6     1.059097E-05
  -3  -5     7.789877E-05
  -3  -4     3.986238E-04
  -3  -3     1.419166E-03
  -3  -2     3.515122E-03
  -3  -1     6.057380E-03
  -3   0     7.262168E-03
  -3   1     6.057380E-03
  -3   2     3.515122E-03
  -3   3     1.419166E-03
  -3   4     3.986238E-04
  -3   5     7.789877E-05
  -3   6     1.059097E-05
  -3   7     1.001795E-06
  -3   8     6.592649E-08
  -2  -8     1.634821E-07
  -2  -7     2.483247E-06
  -2  -6     2.624401E-05
  -2  -5     1.929748E-04
  -2  -4     9.872592E-04
  -2  -3     3.514163E-03
  -2  -2     8.703069E-03
  -2  -1     1.499625E-02
  -2   0     1.797848E-02
  -2   1     1.499625E-02
  -2   2     8.703069E-03
  -2   3     3.514163E-03
  -2   4     9.872592E-04
  -2   5     1.929748E-04
  -2   6     2.624401E-05
  -2   7     2.483247E-06
  -2   8     1.634821E-07
  -1  -8     2.820311E-07
  -1  -7     4.282154E-06
  -1  -6     4.523895E-05
  -1  -5     3.325426E-04
  -1  -4     1.700853E-03
  -1  -3     6.053004E-03
  -1  -2     1.498856E-02
  -1  -1     2.582456E-02
  -1   0     3.095927E-02
  -1   1     2.582456E-02
  -1   2     1.498856E-02
  -1   3     6.053004E-03
  -1   4     1.700853E-03
  -1   5     3.325426E-04
  -1   6     4.523895E-05
  -1   7     4.282154E-06
  -1   8     2.820311E-07
   0  -8     3.385387E-07
   0  -7     5.137749E-06
   0  -6     5.425612E-05
   0  -5     3.986907E-04
   0  -4     2.038613E-03
   0  -3     7.253453E-03
   0  -2     1.795835E-02
   0  -1     3.093850E-02
   0   0     3.708886E-02
   0   1     3.093850E-02
   0   2     1.795835E-02
   0   3     7.253453E-03
   0   4     2.038613E-03
   0   5     3.986907E-04
   0   6     5.425612E-05
   0   7     5.137749E-06
   0   8     3.385387E-07
   1  -8     2.828311E-07
   1  -7     4.290027E-06
   1  -6     4.528303E-05
   1  -5     3.326238E-04
   1  -4     1.700253E-03
   1  -3     6.048057E-03
   1  -2     1.497134E-02
   1  -1     2.578977E-02
   1   0     3.091550E-02
   1   1     2.578977E-02
   1   2     1.497134E-02
   1   3     6.048057E-03
   1   4     1.700253E-03
   1   5     3.326238E-04
   1   6     4.528303E-05
   1   7     4.290027E-06
   1   8     2.828311E-07
   2  -8     1.644804E-07
   2  -7     2.493422E-06
   2  -6     2.630596E-05
   2  -5     1.931473E-04
   2  -4     9.869589E-04
   2  -3     3.509823E-03
   2  -2     8.686540E-03
   2  -1     1.496180E-02
   2   0     1.793479E-02
   2   1     1.496180E-02
   2   2     8.686540E-03
   2   3     3.509823E-03
   2   4     9.869589E-04
   2   5     1.931473E-04
   2   6     2.630596E-05
   2   7     2.493422E-06
   2   8     1.644804E-07
   3  -8     6.660017E-08
   3  -7     1.008990E-06
   3  -6     1.063928E-05
   3  -5     7.808193E-05
   3  -4     3.988419E-04
   3  -3     1.417956E-03
   3  -2     3.508616E-03
   3  -1     6.042543E-03
   3   0     7.242932E-03
   3   1     6.042543E-03
   3   2     3.508616E-03
   3   3     1.417956E-03
   3   4     3.988419E-04
   3   5     7.808193E-05
   3   6     1.063928E-05
   3   7     1.008990E-06
   3   8     6.660017E-08
   4  -8     1.878137E-08
   4  -7     2.843491E-07
   4  -6     2.996608E-06
   4  -5     2.198162E-05
   4  -4     1.122381E-04
   4  -3     3.989062E-04
   4  -2     9.868478E-04
   4  -1     1.699331E-03
   4   0     2.036826E-03
   4   1     1.699331E-03
   4   2     9.868478E-04
   4   3     3.989062E-04
   4   4     1.122381E-04
   4   5     2.198162E-05
   4   6     2.996608E-06
   4   7     2.843491E-07
   4   8     1.878137E-08
   5  -8     3.689717E-09
   5  -7     5.582326E-08
   5  -6     5.879398E-07
   5  -5     4.310663E-06
   5  -4     2.200121E-05
   5  -3     7.816983E-05
   5  -2     1.933394E-04
   5  -1     3.328814E-04
   5   0     3.989752E-04
   5   1     3.328814E-04
   5   2     1.933394E-04
   5   3     7.816983E-05
   5   4     2.200121E-05
   5   5     4.310663E-06
   5   6     5.879398E-07
   5   7     5.582326E-08
   5   8     3.689717E-09
   6  -8     5.051261E-10
   6  -7     7.636702E-09
   6  -6     8.038077E-08
   6  -5     5.890273E-07
   6  -4     3.005057E-06
   6  -3     1.067338E-05
   6  -2     2.639253E-05
   6  -1     4.543485E-05
   6   0     5.445343E-05
   6   1     4.543485E-05
   6   2     2.639253E-05
   6   3     1.067338E-05
   6   4     3.005057E-06
   6   5     5.890273E-07
   6   6     8.038077E-08
   6   7     7.636702E-09
   6   8     5.051261E-10
   7  -8     4.820309E-11
   7  -7     7.282047E-10
   7  -6     7.659823E-09
   7  -5     5.610044E-08
   7  -4     2.860830E-07
   7  -3     1.015765E-06
   7  -2     2.511117E-06
   7  -1     4.322270E-06
   7   0     5.179967E-06
   7   1     4.322270E-06
   7   2     2.511117E-06
   7   3     1.015765E-06
   7   4     2.860830E-07
   7   5     5.610044E-08
   7   6     7.659823E-09
   7   7     7.282047E-10
   7   8     4.820309E-11
   8  -8     3.207327E-12
   8  -7     4.841555E-11
   8  -6     5.089336E-10
   8  -5     3.725343E-09
   8  -4     1.898871E-08
   8  -3     6.739756E-08
   8  -2     1.665750E-07
   8  -1     2.866753E-07
   8   0     3.435451E-07
   8   1     2.866753E-07
   8   2     1.665750E-07
   8   3     6.739756E-08
   8   4     1.898871E-08
   8   5     3.725343E-09
   8   6     5.089336E-10
   8   7     4.841555E-11
   8   8     3.207327E-12
