  -8  -8     1.224633E-23
  -8  -7     2.214189E-20
  -8  -6     1.472749E-17
  -8  -5     3.603699E-15
  -8  -4     3.243946E-13
  -8  -3     1.074247E-11
  -8  -2     1.308701E-10
  -8  -1     5.865192E-10
  -8   0     9.670067E-10
  -8   1     5.865192E-10
  -8   2     1.308701E-10
  -8   3     1.074247E-11
  -8   4     3.243946E-13
  -8   5     3.603699E-15
  -8   6     1.472749E-17
  -8   7     2.214189E-20
  -8   8     1.224633E-23
  -7  -8     2.996579E-21
  -7  -7     5.417942E-18
  -7  -6     3.603699E-15
  -7  -5     8.817960E-13
  -7  -4     7.937675E-11
  -7  -3     2.628597E-09
  -7  -2     3.202286E-08
  -7  -1     1.435165E-07
  -7   0     2.366187E-07
  -7   1     1.435165E-07
  -7   2     3.202286E-08
  -7   3     2.628597E-09
  -7   4     7.937675E-11
  -7   5     8.817960E-13
  -7   6     3.603699E-15
  -7   7     5.417942E-18
  -7   8     2.996579E-21
  -6  -8     2.697434E-19
  -6  -7     4.877076E-16
  -6  -6     3.243946E-13
  -6  -5     7.937675E-11
  -6  -4     7.145267E-09
  -6  -3     2.366187E-07
  -6  -2     2.882606E-06
  -6  -1     1.291895E-05
  -6   0     2.129974E-05
  -6   1     1.291895E-05
  -6   2     2.882606E-06
  -6   3     2.366187E-07
  -6   4     7.145267E-09
  -6   5     7.937675E-11
  -6   6     3.243946E-13
  -6   7     4.877076E-16
  -6   8     2.697434E-19
  -5  -8     8.932676E-18
  -5  -7     1.615066E-14
  -5  -6     1.074247E-11
  -5  -5     2.628597E-09
  -5  -4     2.366187E-07
  -5  -3     7.835736E-06
  -5  -2     9.545881E-05
  -5  -1     4.278167E-04
  -5   0     7.053505E-04
  -5   1     4.278167E-04
  -5   2     9.545881E-05
  -5   3     7.835736E-06
  -5   4     2.366187E-07
  -5   5     2.628597E-09
  -5   6     1.074247E-11
  -5   7     1.615066E-14
  -5   8     8.932676E-18
  -4  -8     1.088223E-16
  -4  -7     1.967553E-13
  -4  -6     1.308701E-10
  -4  -5     3.202286E-08
  -4  -4     2.882606E-06
  -4  -3     9.545881E-05
  -4  -2     1.162926E-03
  -4  -1     5.211875E-03
  -4   0     8.592929E-03
  -4   1     5.211875E-03
  -4   2     1.162926E-03
  -4   3     9.545881E-05
  -4   4     2.882606E-06
  -4   5     3.202286E-08
  -4   6     1.308701E-10
  -4   7     1.967553E-13
  -4   8     1.088223E-16
  -3  -8     4.877076E-16
  -3  -7     8.817960E-13
  -3  -6     5.865192E-10
  -3  -5     1.435165E-07
  -3  -4     1.291895E-05
  -3  -3     4.278167E-04
  -3  -2     5.211875E-03
  -3  -1     2.335800E-02
  -3   0     3.851083E-02
  -3   1     2.335800E-02
  -3   2     5.211875E-03
  -3   3     4.278167E-04
  -3   4     1.291895E-05
  -3   5     1.435165E-07
  -3   6     5.865192E-10
  -3   7     8.817960E-13
  -3   8     4.877076E-16
  -2  -8     8.040939E-16
  -2  -7     1.453836E-12
  -2  -6     9.670067E-10
  -2  -5     2.366187E-07
  -2  -4     2.129974E-05
  -2  -3     7.053505E-04
  -2  -2     8.592929E-03
  -2  -1     3.851083E-02
  -2   0     6.349363E-02
  -2   1     3.851083E-02
  -2   2     8.592929E-03
  -2   3     7.053505E-04
  -2   4     2.129974E-05
  -2   5     2.366187E-07
  -2   6     9.670067E-10
  -2   7     1.453836E-12
  -2   8     8.040939E-16
  -1  -8     4.877076E-16
  -1  -7     8.817960E-13
  -1  -6     5.865192E-10
  -1  -5     1.435165E-07
  -1  -4     1.291895E-05
  -1  -3     4.278167E-04
  -1  -2     5.211875E-03
  -1  -1     2.335800E-02
  -1   0     3.851083E-02
  -1   1     2.335800E-02
  -1   2     5.211875E-03
  -1   3     4.278167E-04
  -1   4     1.291895E-05
  -1   5     1.435165E-07
  -1   6     5.865192E-10
  -1   7     8.817960E-13
  -1   8     4.877076E-16
   0  -8     1.088223E-16
   0  -7     1.967553E-13
   0  -6     1.308701E-10
   0  -5     3.202286E-08
   0  -4     2.882606E-06
   0  -3     9.545881E-05
   0  -2     1.162926E-03
   0  -1     5.211875E-03
   0   0     8.592929E-03
   0   1     5.211875E-03
   0   2     1.162926E-03
   0   3     9.545881E-05
   0   4     2.882606E-06
   0   5     3.202286E-08
   0   6     1.308701E-10
   0   7     1.967553E-13
   0   8     1.088223E-16
   1  -8     8.932676E-18
   1  -7     1.615066E-14
   1  -6     1.074247E-11
   1  -5     2.628597E-09
   1  -4     2.366187E-07
   1  -3     7.835736E-06
   1  -2     9.545881E-05
   1  -1     4.278167E-04
   1   0     7.053505E-04
   1   1     4.278167E-04
   1   2     9.545881E-05
   1   3     7.835736E-06
   1   4     2.366187E-07
   1   5     2.628597E-09
   1   6     1.074247E-11
   1   7     1.615066E-14
   1   8     8.932676E-18
   2  -8     2.697434E-19
   2  -7     4.877076E-16
   2  -6     3.243946E-13
   2  -5     7.937675E-11
   2  -4     7.145267E-09
   2  -3     2.366187E-07
   2  -2     2.882606E-06
   2  -1     1.291895E-05
   2   0     2.129974E-05
   2   1     1.291895E-05
   2   2     2.882606E-06
   2   3     2.366187E-07
   2   4     7.145267E-09
   2   5     7.937675E-11
   2   6     3.243946E-13
   2   7     4.877076E-16
   2   8     2.697434E-19
   3  -8     2.996579E-21
   3  -7     5.417942E-18
   3  -6     3.603699E-15
   3  -5     8.817960E-13
   3  -4     7.937675E-11
   3  -3     2.628597E-09
   3  -2     3.202286E-08
   3  -1     1.435165E-07
   3   0     2.366187E-07
   3   1     1.435165E-07
   3   2     3.202286E-08
   3   3     2.628597E-09
   3   4     7.937675E-11
   3   5     8.817960E-13
   3   6     3.603699E-15
   3   7     5.417942E-18
   3   8     2.996579E-21
   4  -8     1.224633E-23
   4  -7     2.214189E-20
   4  -6     1.472749E-17
   4  -5     3.603699E-15
   4  -4     3.243946E-13
   4  -3     1.074247E-11
   4  -2     1.308701E-10
   4  -1     5.865192E-10
   4   0     9.670067E-10
   4   1     5.865192E-10
   4   2     1.308701E-10
   4   3     1.074247E-11
   4   4     3.243946E-13
   4   5     3.603699E-15
   4   6     1.472749E-17
   4   7     2.214189E-20
   4   8     1.224633E-23
   5  -8     1.841162E-26
   5  -7     3.328899E-23
   5  -6     2.214189E-20
   5  -5     5.417942E-18
   5  -4     4.877076E-16
   5  -3     1.615066E-14
   5  -2     1.967553E-13
   5  -1     8.817960E-13
   5   0     1.453836E-12
   5   1     8.817960E-13
   5   2     1.967553E-13
   5   3     1.615066E-14
   5   4     4.877076E-16
   5   5     5.417942E-18
   5   6     2.214189E-20
   5   7     3.328899E-23
   5   8     1.841162E-26
   6  -8     1.018318E-29
   6  -7     1.841162E-26
   6  -6     1.224633E-23
   6  -5     2.996579E-21
   6  -4     2.697434E-19
   6  -3     8.932676E-18
   6  -2     1.088223E-16
   6  -1     4.877076E-16
   6   0     8.040939E-16
   6   1     4.877076E-16
   6   2     1.088223E-16
   6   3     8.932676E-18
   6   4     2.697434E-19
   6   5     2.996579E-21
   6   6     1.224633E-23
   6   7     1.841162E-26
   6   8     1.018318E-29
   7  -8     2.071955E-33
   7  -7     3.746182E-30
   7  -6     2.491742E-27
   7  -5     6.097090E-25
   7  -4     5.488426E-23
   7  -3     1.817517E-21
   7  -2     2.214189E-20
   7  -1     9.923306E-20
   7   0     1.636077E-19
   7   1     9.923306E-20
   7   2     2.214189E-20
   7   3     1.817517E-21
   7   4     5.488426E-23
   7   5     6.097090E-25
   7   6     2.491742E-27
   7   7     3.746182E-30
   7   8     2.071955E-33
   8  -8     1.550896E-37
   8  -7     2.804086E-34
   8  -6     1.865114E-31
   8  -5     4.563784E-29
   8  -4     4.108187E-27
   8  -3     1.360445E-25
   8  -2     1.657361E-24
   8  -1     7.427776E-24
   8   0     1.224633E-23
   8   1     7.427776E-24
   8   2     1.657361E-24
   8   3     1.360445E-25
   8   4     4.108187E-27
   8   5     4.563784E-29
   8   6     1.865114E-31
   8   7     2.804086E-34
   8   8     1.550896E-37
