alpha(x) =  0.500  beta(v) =  1.000  delta (t) = 0.025
Free stream: density =  1.000  velocity = -2.000  temperature =  1.000
x,t=    0.000,  t=    5.000,  t=   10.000,  t=   15.000,  t=   20.000,  t=   25.000,  t=   30.000,  t=   35.000,  t=   40.000,  t=   45.000,  t=   50.000,
    0.000000,       0.000016,      -0.003353,      -0.000788,       0.000109,       0.000145,       0.000334,       0.000283,       0.000223,       0.000213,       0.000232,       0.000149,
    0.500000,       0.000016,      -0.022834,      -0.007598,       0.001427,       0.003719,       0.003920,       0.003638,       0.003452,       0.002942,       0.002680,       0.002513,
    1.000000,       0.000016,      -0.016788,      -0.012881,       0.003247,       0.007350,       0.007573,       0.007173,       0.006665,       0.005730,       0.005136,       0.004827,
    1.500000,       0.000016,       0.031871,      -0.015248,       0.005459,       0.011013,       0.011401,       0.010409,       0.009681,       0.008517,       0.007754,       0.006991,
    2.000000,       0.000016,       0.135361,      -0.013756,       0.008390,       0.014821,       0.015085,       0.013833,       0.012700,       0.011144,       0.010307,       0.009241,
    2.500000,       0.000016,       0.302402,      -0.007259,       0.011990,       0.018847,       0.018789,       0.017369,       0.015853,       0.013764,       0.012793,       0.011349,
    3.000000,       0.000016,       0.538619,       0.004824,       0.016543,       0.022886,       0.022262,       0.020802,       0.018733,       0.016485,       0.015279,       0.013398,
    3.500000,       0.000016,       0.846294,       0.022960,       0.021878,       0.026954,       0.025897,       0.024187,       0.021561,       0.019103,       0.017632,       0.015499,
    4.000000,       0.000016,       1.224784,       0.047395,       0.028194,       0.031288,       0.029762,       0.027442,       0.024271,       0.021596,       0.019773,       0.017419,
    4.500000,       0.000016,       1.666241,       0.078360,       0.035351,       0.035503,       0.033247,       0.030361,       0.026877,       0.024265,       0.021983,       0.019305,
    5.000000,       0.000016,       2.152694,       0.116281,       0.043447,       0.040061,       0.036897,       0.033222,       0.029380,       0.026678,       0.024067,       0.021124,
    5.500000,       0.000016,       2.648869,       0.161968,       0.052093,       0.044767,       0.040342,       0.035956,       0.032000,       0.028839,       0.025769,       0.023046,
    6.000000,       0.000016,       3.100876,       0.216790,       0.061221,       0.049167,       0.043586,       0.038538,       0.034508,       0.030892,       0.027540,       0.024867,
    6.500000,       0.000016,       3.440043,       0.282480,       0.070592,       0.053705,       0.046531,       0.041224,       0.036581,       0.032750,       0.029189,       0.026563,
    7.000000,       0.000016,       3.600610,       0.361645,       0.080454,       0.057669,       0.049485,       0.043605,       0.038605,       0.034388,       0.030857,       0.028086,
    7.500000,       0.000016,       3.546159,       0.458358,       0.090708,       0.061664,       0.052215,       0.045809,       0.040497,       0.036084,       0.032490,       0.029321,
    8.000000,       0.000016,       3.291470,       0.577657,       0.101156,       0.065555,       0.054655,       0.047662,       0.042027,       0.037642,       0.033713,       0.030675,
    8.500000,       0.000016,       2.899201,       0.725394,       0.112097,       0.068883,       0.056707,       0.049268,       0.043626,       0.038941,       0.034977,       0.031593,
    9.000000,       0.000016,       2.451862,       0.908893,       0.123824,       0.071772,       0.058690,       0.050802,       0.044728,       0.040155,       0.035956,       0.032343,
    9.500000,       0.000016,       2.018358,       1.135492,       0.136981,       0.074314,       0.060068,       0.051839,       0.045811,       0.040909,       0.036777,       0.033093,
   10.000000,       0.000016,       1.637739,       1.410645,       0.151994,       0.076276,       0.061141,       0.052635,       0.046551,       0.041595,       0.037294,       0.033726,
   10.500000,       0.000016,       1.322520,       1.735408,       0.170124,       0.077775,       0.061721,       0.053209,       0.047111,       0.042034,       0.037783,       0.034361,
   11.000000,       0.000016,       1.069477,       2.102150,       0.192445,       0.079036,       0.062034,       0.053398,       0.047198,       0.042227,       0.038235,       0.034990,
   11.500000,       0.000016,       0.869156,       2.488817,       0.220658,       0.080192,       0.062082,       0.053486,       0.047482,       0.042570,       0.038596,       0.035206,
   12.000000,       0.000016,       0.711071,       2.856197,       0.257306,       0.080794,       0.061665,       0.053210,       0.047381,       0.042564,       0.038629,       0.035341,
   12.500000,       0.000016,       0.586011,       3.147849,       0.304839,       0.081610,       0.061027,       0.052820,       0.046995,       0.042432,       0.038632,       0.035584,
   13.000000,       0.000016,       0.486282,       3.303714,       0.367064,       0.082580,       0.059889,       0.052140,       0.046639,       0.042101,       0.038552,       0.035490,
   13.500000,       0.000016,       0.406186,       3.281164,       0.448442,       0.084033,       0.058600,       0.050946,       0.045855,       0.041547,       0.038172,       0.035146,
   14.000000,       0.000016,       0.341129,       3.077886,       0.554821,       0.086248,       0.056972,       0.049676,       0.044937,       0.040833,       0.037613,       0.034687,
   14.500000,       0.000016,       0.287821,       2.737189,       0.692847,       0.089711,       0.055255,       0.048169,       0.043697,       0.039950,       0.036933,       0.034139,
   15.000000,       0.000016,       0.243700,       2.329027,       0.869616,       0.094881,       0.053532,       0.046482,       0.042321,       0.039083,       0.036118,       0.033547,
   15.500000,       0.000016,       0.206884,       1.920122,       1.092755,       0.102312,       0.051653,       0.044771,       0.041085,       0.038053,       0.035250,       0.032847,
   16.000000,       0.000016,       0.175944,       1.553349,       1.367627,       0.112683,       0.049693,       0.042876,       0.039678,       0.036825,       0.034353,       0.032139,
   16.500000,       0.000016,       0.149834,       1.245939,       1.694742,       0.127530,       0.048114,       0.041012,       0.038020,       0.035610,       0.033417,       0.031406,
   17.000000,       0.000016,       0.127702,       0.998093,       2.064953,       0.147628,       0.046544,       0.038849,       0.036473,       0.034202,       0.032281,       0.030564,
   17.500000,       0.000016,       0.108943,       0.801936,       2.454964,       0.175211,       0.045418,       0.036895,       0.034506,       0.032766,       0.031064,       0.029581,
   18.000000,       0.000016,       0.092949,       0.647780,       2.822475,       0.212121,       0.044644,       0.034781,       0.032769,       0.031114,       0.029929,       0.028402,
   18.500000,       0.000016,       0.079270,       0.526441,       3.109822,       0.261564,       0.044584,       0.032866,       0.031066,       0.029715,       0.028563,       0.027314,
   19.000000,       0.000016,       0.067600,       0.430595,       3.256112,       0.327120,       0.044988,       0.030878,       0.029183,       0.028245,       0.027330,       0.026151,
   19.500000,       0.000016,       0.057560,       0.354363,       3.220756,       0.413589,       0.046547,       0.028999,       0.027597,       0.026770,       0.026099,       0.025066,
   20.000000,       0.000016,       0.048941,       0.293308,       3.005737,       0.526468,       0.049193,       0.027395,       0.025864,       0.025304,       0.024743,       0.024002,
   20.500000,       0.000016,       0.041506,       0.244071,       2.658383,       0.672704,       0.053527,       0.025883,       0.024199,       0.023867,       0.023480,       0.023049,
   21.000000,       0.000016,       0.035102,       0.204138,       2.250477,       0.859554,       0.059819,       0.024509,       0.022491,       0.022432,       0.022264,       0.021898,
   21.500000,       0.000016,       0.029568,       0.171453,       1.847306,       1.094246,       0.068951,       0.023280,       0.020986,       0.021053,       0.021011,       0.020897,
   22.000000,       0.000016,       0.024811,       0.144627,       1.489169,       1.381578,       0.081696,       0.022114,       0.019631,       0.019671,       0.019815,       0.019716,
   22.500000,       0.000016,       0.020737,       0.122437,       1.191053,       1.721149,       0.098850,       0.021247,       0.018392,       0.018413,       0.018552,       0.018670,
   23.000000,       0.000016,       0.017275,       0.103995,       0.951800,       2.101706,       0.121779,       0.020660,       0.017093,       0.017339,       0.017633,       0.017753,
   23.500000,       0.000016,       0.014312,       0.088614,       0.763088,       2.497065,       0.152679,       0.020586,       0.015651,       0.016145,       0.016419,       0.016748,
   24.000000,       0.000016,       0.011836,       0.075718,       0.615064,       2.861925,       0.193330,       0.020988,       0.014308,       0.015067,       0.015540,       0.015856,
   24.500000,       0.000016,       0.009739,       0.064925,       0.498791,       3.136017,       0.247037,       0.022088,       0.012974,       0.014012,       0.014603,       0.015118,
   25.000000,       0.000016,       0.007998,       0.055762,       0.407045,       3.259623,       0.317670,       0.024107,       0.011835,       0.012833,       0.013897,       0.014406,
   25.500000,       0.000016,       0.006550,       0.048002,       0.334215,       3.197271,       0.410040,       0.027049,       0.010795,       0.011630,       0.012855,       0.013547,
   26.000000,       0.000016,       0.005338,       0.041444,       0.276001,       2.958204,       0.529593,       0.031586,       0.009927,       0.010503,       0.011857,       0.012868,
   26.500000,       0.000016,       0.004337,       0.035825,       0.229104,       2.596143,       0.683741,       0.037505,       0.009195,       0.009278,       0.010813,       0.011995,
   27.000000,       0.000016,       0.003519,       0.031061,       0.191101,       2.184338,       0.879569,       0.045904,       0.008601,       0.008434,       0.009771,       0.011214,
   27.500000,       0.000016,       0.002834,       0.026948,       0.160110,       1.785528,       1.124249,       0.056801,       0.008228,       0.007332,       0.008743,       0.010225,
   28.000000,       0.000016,       0.002273,       0.023438,       0.134676,       1.435846,       1.422163,       0.071293,       0.008349,       0.006465,       0.007875,       0.009244,
   28.500000,       0.000016,       0.001820,       0.020413,       0.113683,       1.147133,       1.771271,       0.090477,       0.008595,       0.005617,       0.007018,       0.008332,
   29.000000,       0.000016,       0.001452,       0.017802,       0.096293,       0.916415,       2.158735,       0.115489,       0.009371,       0.004912,       0.006213,       0.007500,
   29.500000,       0.000016,       0.001150,       0.015543,       0.081840,       0.734778,       2.555349,       0.148748,       0.010264,       0.004298,       0.005453,       0.006767,
   30.000000,       0.000016,       0.000908,       0.013601,       0.069738,       0.592378,       2.912553,       0.192141,       0.011733,       0.003846,       0.004620,       0.005992,
   30.500000,       0.000016,       0.000726,       0.011918,       0.059598,       0.480548,       3.169236,       0.249040,       0.014001,       0.003322,       0.003827,       0.005265,
   31.000000,       0.000016,       0.000578,       0.010470,       0.051041,       0.392281,       3.267050,       0.323519,       0.016956,       0.003020,       0.003285,       0.004551,
   31.500000,       0.000016,       0.000453,       0.009194,       0.043820,       0.322136,       3.176356,       0.420131,       0.020987,       0.002688,       0.002870,       0.003857,
   32.000000,       0.000016,       0.000351,       0.008092,       0.037709,       0.266010,       2.914003,       0.544918,       0.026345,       0.002610,       0.002477,       0.003474,
   32.500000,       0.000016,       0.000286,       0.007124,       0.032499,       0.220817,       2.538967,       0.705447,       0.033189,       0.002704,       0.001934,       0.003033,
   33.000000,       0.000016,       0.000228,       0.006269,       0.028071,       0.184189,       2.124861,       0.908643,       0.042432,       0.002956,       0.001461,       0.002582,
   33.500000,       0.000016,       0.000176,       0.005524,       0.024280,       0.154263,       1.731100,       1.161744,       0.054416,       0.003318,       0.001045,       0.002130,
   34.000000,       0.000016,       0.000140,       0.004883,       0.021071,       0.129714,       1.389776,       1.467997,       0.070011,       0.004090,       0.000726,       0.001497,
   34.500000,       0.000016,       0.000112,       0.004316,       0.018298,       0.109443,       1.109797,       1.824571,       0.090243,       0.004904,       0.000614,       0.001001,
   35.000000,       0.000016,       0.000090,       0.003820,       0.015926,       0.092673,       0.886845,       2.216507,       0.116755,       0.006126,       0.000499,       0.000602,
   35.500000,       0.000016,       0.000072,       0.003399,       0.013835,       0.078691,       0.711506,       2.611796,       0.151659,       0.007614,       0.000386,       0.000303,
   36.000000,       0.000016,       0.000058,       0.003019,       0.012092,       0.067025,       0.574135,       2.959820,       0.197019,       0.009520,       0.000340,       0.000088,
   36.500000,       0.000016,       0.000048,       0.002671,       0.010577,       0.057215,       0.466161,       3.197785,       0.256237,       0.012120,       0.000387,      -0.000164,
   37.000000,       0.000016,       0.000040,       0.002381,       0.009249,       0.048963,       0.380801,       3.270261,       0.333602,       0.015401,       0.000490,      -0.000251,
   37.500000,       0.000016,       0.000034,       0.002113,       0.008101,       0.042001,       0.312976,       3.153065,       0.433955,       0.019845,       0.000589,      -0.000397,
   38.000000,       0.000016,       0.000030,       0.001884,       0.007116,       0.036112,       0.258630,       2.870161,       0.563557,       0.025607,       0.000853,      -0.000421,
   38.500000,       0.000016,       0.000026,       0.001667,       0.006248,       0.031127,       0.214817,       2.484774,       0.729602,       0.033122,       0.001086,      -0.000495,
   39.000000,       0.000016,       0.000024,       0.001485,       0.005482,       0.026849,       0.179251,       2.069946,       0.939354,       0.042725,       0.001501,      -0.000597,
   39.500000,       0.000016,       0.000022,       0.001330,       0.004833,       0.023203,       0.150199,       1.681745,       1.199475,       0.055260,       0.002201,      -0.000613,
   40.000000,       0.000016,       0.000020,       0.001187,       0.004249,       0.020106,       0.126355,       1.348501,       1.513311,       0.071486,       0.003021,      -0.000641,
   40.500000,       0.000016,       0.000019,       0.001053,       0.003748,       0.017435,       0.106657,       1.076692,       1.876184,       0.092728,       0.004109,      -0.000578,
   41.000000,       0.000016,       0.000018,       0.000947,       0.003320,       0.015149,       0.090329,       0.860745,       2.271254,       0.120285,       0.005484,      -0.000559,
   41.500000,       0.000016,       0.000018,       0.000846,       0.002941,       0.013176,       0.076704,       0.691127,       2.663985,       0.156428,       0.007219,      -0.000491,
   42.000000,       0.000016,       0.000017,       0.000750,       0.002600,       0.011489,       0.065345,       0.558161,       3.001524,       0.203343,       0.009354,      -0.000387,
   42.500000,       0.000016,       0.000017,       0.000667,       0.002298,       0.010032,       0.055794,       0.453572,       3.220806,       0.264658,       0.012039,      -0.000223,
   43.000000,       0.000016,       0.000017,       0.000594,       0.002045,       0.008770,       0.047757,       0.370901,       3.268744,       0.344919,       0.015627,      -0.000058,
   43.500000,       0.000016,       0.000017,       0.000532,       0.001818,       0.007673,       0.040982,       0.305068,       3.127226,       0.448542,       0.020239,       0.000205,
   44.000000,       0.000016,       0.000017,       0.000471,       0.001628,       0.006723,       0.035227,       0.252276,       2.826459,       0.582444,       0.026212,       0.000583,
   44.500000,       0.000016,       0.000017,       0.000427,       0.001439,       0.005894,       0.030354,       0.209700,       2.432721,       0.753584,       0.034005,       0.000997,
   45.000000,       0.000016,       0.000017,       0.000380,       0.001276,       0.005183,       0.026171,       0.175086,       2.018478,       0.969425,       0.044000,       0.001458,
   45.500000,       0.000016,       0.000016,       0.000341,       0.001142,       0.004545,       0.022653,       0.146781,       1.636088,       1.236621,       0.057072,       0.002197,
   46.000000,       0.000016,       0.000016,       0.000311,       0.001028,       0.003994,       0.019607,       0.123545,       1.310629,       1.557180,       0.073859,       0.003022,
   46.500000,       0.000016,       0.000016,       0.000277,       0.000912,       0.003514,       0.016985,       0.104338,       1.046337,       1.925666,       0.095651,       0.004081,
   47.000000,       0.000016,       0.000016,       0.000252,       0.000812,       0.003114,       0.014767,       0.088387,       0.836925,       2.322869,       0.124153,       0.005532,
   47.500000,       0.000016,       0.000016,       0.000226,       0.000727,       0.002754,       0.012847,       0.075109,       0.672473,       2.712133,       0.161517,       0.007426,
   48.000000,       0.000016,       0.000016,       0.000206,       0.000648,       0.002438,       0.011205,       0.063989,       0.543566,       3.038582,       0.210041,       0.009788,
   48.500000,       0.000016,       0.000016,       0.000186,       0.000578,       0.002152,       0.009765,       0.054674,       0.442108,       3.238894,       0.273481,       0.012527,
   49.000000,       0.000016,       0.000016,       0.000166,       0.000524,       0.001913,       0.008538,       0.046805,       0.361827,       3.263188,       0.356125,       0.016187,
   49.500000,       0.000016,       0.000016,       0.000150,       0.000469,       0.001686,       0.007469,       0.040162,       0.297812,       3.099081,       0.463258,       0.020940,
   50.000000,       0.000016,       0.000016,       0.000132,       0.000419,       0.001497,       0.006535,       0.034547,       0.246462,       2.782412,       0.601332,       0.027150,
   50.500000,       0.000016,       0.000016,       0.000118,       0.000377,       0.001319,       0.005730,       0.029767,       0.205009,       2.382112,       0.777441,       0.035116,
   51.000000,       0.000016,       0.000016,       0.000109,       0.000341,       0.001175,       0.005026,       0.025671,       0.171269,       1.969284,       0.999476,       0.045488,
   51.500000,       0.000016,       0.000016,       0.000098,       0.000309,       0.001047,       0.004410,       0.022211,       0.143683,       1.593005,       1.273101,       0.058809,
   52.000000,       0.000016,       0.000016,       0.000089,       0.000278,       0.000933,       0.003890,       0.019238,       0.120979,       1.275130,       1.600078,       0.076142,
   52.500000,       0.000016,       0.000016,       0.000080,       0.000255,       0.000828,       0.003430,       0.016674,       0.102197,       1.018024,       1.973587,       0.098694,
   53.000000,       0.000016,       0.000016,       0.000072,       0.000237,       0.000739,       0.003019,       0.014482,       0.086639,       0.814617,       2.372423,       0.128225,
   53.500000,       0.000016,       0.000016,       0.000066,       0.000214,       0.000655,       0.002681,       0.012622,       0.073640,       0.655079,       2.757447,       0.166670,
   54.000000,       0.000016,       0.000016,       0.000059,       0.000192,       0.000592,       0.002366,       0.010994,       0.062790,       0.529932,       3.071965,       0.216830,
   54.500000,       0.000016,       0.000016,       0.000055,       0.000171,       0.000524,       0.002087,       0.009583,       0.053645,       0.431355,       3.253155,       0.282346,
   55.000000,       0.000016,       0.000016,       0.000049,       0.000156,       0.000475,       0.001841,       0.008381,       0.045938,       0.353272,       3.254352,       0.367504,
   55.500000,       0.000016,       0.000016,       0.000045,       0.000144,       0.000420,       0.001634,       0.007340,       0.039452,       0.291025,       3.068852,       0.477961,
   56.000000,       0.000016,       0.000016,       0.000042,       0.000128,       0.000381,       0.001444,       0.006420,       0.033917,       0.241000,       2.737962,       0.620201,
   56.500000,       0.000016,       0.000016,       0.000039,       0.000118,       0.000341,       0.001281,       0.005624,       0.029228,       0.200574,       2.332472,       0.801442,
   57.000000,       0.000016,       0.000016,       0.000036,       0.000110,       0.000304,       0.001141,       0.004936,       0.025223,       0.167668,       1.921907,       1.029321,
   57.500000,       0.000016,       0.000016,       0.000032,       0.000103,       0.000286,       0.001010,       0.004345,       0.021829,       0.140723,       1.551828,       1.309393,
   58.000000,       0.000016,       0.000016,       0.000031,       0.000093,       0.000257,       0.000907,       0.003815,       0.018912,       0.118551,       1.241363,       1.642546,
   58.500000,       0.000016,       0.000016,       0.000028,       0.000083,       0.000236,       0.000801,       0.003376,       0.016409,       0.100202,       0.991144,       2.020449,
   59.000000,       0.000016,       0.000016,       0.000027,       0.000081,       0.000209,       0.000708,       0.002976,       0.014221,       0.084976,       0.793545,       2.420281,
   59.500000,       0.000016,       0.000016,       0.000025,       0.000076,       0.000193,       0.000629,       0.002622,       0.012404,       0.072266,       0.638551,       2.800204,
   60.000000,       0.000016,       0.000016,       0.000024,       0.000068,       0.000177,       0.000572,       0.002322,       0.010816,       0.061643,       0.516934,       3.102242,
   60.500000,       0.000016,       0.000016,       0.000023,       0.000066,       0.000164,       0.000507,       0.002048,       0.009446,       0.052665,       0.421130,       3.263966,
   61.000000,       0.000016,       0.000016,       0.000022,       0.000062,       0.000147,       0.000454,       0.001811,       0.008253,       0.045129,       0.345191,       3.242415,
   61.500000,       0.000016,       0.000016,       0.000021,       0.000058,       0.000134,       0.000406,       0.001603,       0.007232,       0.038748,       0.284529,       3.036665,
   62.000000,       0.000016,       0.000016,       0.000020,       0.000053,       0.000120,       0.000374,       0.001415,       0.006321,       0.033336,       0.235782,       2.692802,
   62.500000,       0.000016,       0.000016,       0.000020,       0.000050,       0.000111,       0.000337,       0.001251,       0.005531,       0.028735,       0.196353,       2.283350,
   63.000000,       0.000016,       0.000016,       0.000019,       0.000046,       0.000100,       0.000301,       0.001119,       0.004863,       0.024822,       0.164211,       1.875699,
   63.500000,       0.000016,       0.000016,       0.000019,       0.000044,       0.000090,       0.000274,       0.000986,       0.004274,       0.021457,       0.137899,       1.512127,
   64.000000,       0.000016,       0.000016,       0.000019,       0.000043,       0.000082,       0.000248,       0.000886,       0.003753,       0.018589,       0.116196,       1.208942,
   64.500000,       0.000016,       0.000016,       0.000017,       0.000041,       0.000075,       0.000225,       0.000780,       0.003319,       0.016128,       0.098261,       0.965406,
   65.000000,       0.000016,       0.000016,       0.000017,       0.000041,       0.000068,       0.000198,       0.000696,       0.002931,       0.013994,       0.083371,       0.773315,
   65.500000,       0.000016,       0.000016,       0.000016,       0.000036,       0.000059,       0.000183,       0.000620,       0.002586,       0.012211,       0.070914,       0.622682,
   66.000000,       0.000016,       0.000016,       0.000016,       0.000034,       0.000052,       0.000164,       0.000552,       0.002286,       0.010651,       0.060502,       0.504483,
   66.500000,       0.000016,       0.000016,       0.000016,       0.000032,       0.000048,       0.000148,       0.000496,       0.002023,       0.009297,       0.051720,       0.411287,
   67.000000,       0.000016,       0.000016,       0.000014,       0.000033,       0.000042,       0.000132,       0.000445,       0.001789,       0.008123,       0.044337,       0.337346,
   67.500000,       0.000016,       0.000016,       0.000016,       0.000030,       0.000040,       0.000116,       0.000403,       0.001579,       0.007124,       0.038074,       0.278253,
   68.000000,       0.000016,       0.000016,       0.000017,       0.000029,       0.000037,       0.000107,       0.000363,       0.001391,       0.006236,       0.032777,       0.230729,
   68.500000,       0.000016,       0.000016,       0.000016,       0.000028,       0.000033,       0.000098,       0.000330,       0.001236,       0.005473,       0.028239,       0.192249,
   69.000000,       0.000016,       0.000016,       0.000016,       0.000027,       0.000032,       0.000090,       0.000298,       0.001098,       0.004794,       0.024394,       0.160862,
   69.500000,       0.000016,       0.000016,       0.000016,       0.000026,       0.000030,       0.000080,       0.000273,       0.000978,       0.004215,       0.021101,       0.135153,
   70.000000,       0.000016,       0.000016,       0.000017,       0.000024,       0.000027,       0.000071,       0.000246,       0.000874,       0.003701,       0.018282,       0.113947,
   70.500000,       0.000016,       0.000016,       0.000017,       0.000024,       0.000026,       0.000063,       0.000216,       0.000770,       0.003272,       0.015878,       0.096387,
   71.000000,       0.000016,       0.000016,       0.000016,       0.000023,       0.000026,       0.000056,       0.000193,       0.000684,       0.002892,       0.013781,       0.081805,
   71.500000,       0.000016,       0.000016,       0.000015,       0.000021,       0.000024,       0.000052,       0.000173,       0.000611,       0.002543,       0.012023,       0.069605,
   72.000000,       0.000016,       0.000016,       0.000012,       0.000019,       0.000021,       0.000047,       0.000162,       0.000546,       0.002251,       0.010485,       0.059400,
   72.500000,       0.000016,       0.000016,       0.000013,       0.000018,       0.000021,       0.000043,       0.000145,       0.000492,       0.001994,       0.009156,       0.050800,
   73.000000,       0.000016,       0.000016,       0.000014,       0.000018,       0.000022,       0.000040,       0.000130,       0.000438,       0.001762,       0.008006,       0.043557,
   73.500000,       0.000016,       0.000017,       0.000014,       0.000017,       0.000020,       0.000037,       0.000117,       0.000391,       0.001561,       0.007016,       0.037410,
   74.000000,       0.000016,       0.000017,       0.000015,       0.000017,       0.000017,       0.000033,       0.000106,       0.000360,       0.001374,       0.006139,       0.032215,
   74.500000,       0.000016,       0.000017,       0.000016,       0.000014,       0.000016,       0.000032,       0.000095,       0.000327,       0.001220,       0.005396,       0.027751,
   75.000000,       0.000016,       0.000017,       0.000014,       0.000018,       0.000017,       0.000031,       0.000085,       0.000296,       0.001086,       0.004714,       0.023994,
   75.500000,       0.000016,       0.000017,       0.000017,       0.000016,       0.000016,       0.000029,       0.000077,       0.000268,       0.000970,       0.004155,       0.020763,
   76.000000,       0.000016,       0.000017,       0.000018,       0.000017,       0.000014,       0.000028,       0.000071,       0.000240,       0.000863,       0.003652,       0.017996,
   76.500000,       0.000016,       0.000017,       0.000019,       0.000018,       0.000014,       0.000026,       0.000068,       0.000213,       0.000759,       0.003228,       0.015635,
   77.000000,       0.000016,       0.000017,       0.000018,       0.000015,       0.000015,       0.000026,       0.000062,       0.000192,       0.000678,       0.002856,       0.013565,
   77.500000,       0.000016,       0.000017,       0.000017,       0.000018,       0.000012,       0.000021,       0.000054,       0.000176,       0.000609,       0.002510,       0.011837,
   78.000000,       0.000016,       0.000017,       0.000017,       0.000016,       0.000010,       0.000019,       0.000048,       0.000158,       0.000541,       0.002219,       0.010321,
   78.500000,       0.000016,       0.000017,       0.000016,       0.000015,       0.000010,       0.000020,       0.000046,       0.000142,       0.000482,       0.001961,       0.009015,
   79.000000,       0.000016,       0.000017,       0.000017,       0.000017,       0.000011,       0.000016,       0.000039,       0.000132,       0.000431,       0.001743,       0.007880,
   79.500000,       0.000016,       0.000018,       0.000016,       0.000015,       0.000010,       0.000015,       0.000035,       0.000117,       0.000388,       0.001549,       0.006902,
   80.000000,       0.000016,       0.000018,       0.000019,       0.000017,       0.000011,       0.000014,       0.000032,       0.000106,       0.000355,       0.001352,       0.006050,
   80.500000,       0.000016,       0.000018,       0.000018,       0.000014,       0.000011,       0.000014,       0.000031,       0.000094,       0.000318,       0.001199,       0.005311,
   81.000000,       0.000016,       0.000018,       0.000020,       0.000013,       0.000008,       0.000011,       0.000026,       0.000087,       0.000290,       0.001072,       0.004651,
   81.500000,       0.000016,       0.000018,       0.000018,       0.000012,       0.000010,       0.000011,       0.000024,       0.000076,       0.000265,       0.000955,       0.004089,
   82.000000,       0.000016,       0.000017,       0.000019,       0.000014,       0.000010,       0.000012,       0.000024,       0.000070,       0.000239,       0.000847,       0.003600,
   82.500000,       0.000016,       0.000018,       0.000018,       0.000010,       0.000010,       0.000011,       0.000022,       0.000064,       0.000217,       0.000747,       0.003179,
   83.000000,       0.000016,       0.000018,       0.000016,       0.000011,       0.000011,       0.000012,       0.000022,       0.000057,       0.000196,       0.000665,       0.002809,
   83.500000,       0.000016,       0.000017,       0.000017,       0.000011,       0.000010,       0.000013,       0.000021,       0.000053,       0.000177,       0.000602,       0.002479,
   84.000000,       0.000016,       0.000018,       0.000017,       0.000012,       0.000009,       0.000010,       0.000018,       0.000047,       0.000162,       0.000536,       0.002186,
   84.500000,       0.000016,       0.000020,       0.000018,       0.000010,       0.000009,       0.000013,       0.000021,       0.000046,       0.000143,       0.000476,       0.001936,
   85.000000,       0.000016,       0.000020,       0.000017,       0.000008,       0.000007,       0.000008,       0.000015,       0.000037,       0.000130,       0.000424,       0.001719,
   85.500000,       0.000016,       0.000020,       0.000015,       0.000009,       0.000008,       0.000009,       0.000015,       0.000038,       0.000116,       0.000381,       0.001531,
   86.000000,       0.000016,       0.000020,       0.000016,       0.000010,       0.000008,       0.000010,       0.000015,       0.000034,       0.000108,       0.000347,       0.001344,
   86.500000,       0.000016,       0.000019,       0.000016,       0.000011,       0.000010,       0.000012,       0.000017,       0.000033,       0.000095,       0.000318,       0.001189,
   87.000000,       0.000016,       0.000019,       0.000016,       0.000010,       0.000010,       0.000011,       0.000015,       0.000030,       0.000087,       0.000284,       0.001055,
   87.500000,       0.000016,       0.000018,       0.000016,       0.000013,       0.000012,       0.000012,       0.000016,       0.000029,       0.000079,       0.000260,       0.000942,
   88.000000,       0.000016,       0.000019,       0.000016,       0.000013,       0.000011,       0.000012,       0.000016,       0.000028,       0.000073,       0.000233,       0.000836,
   88.500000,       0.000016,       0.000019,       0.000016,       0.000013,       0.000012,       0.000014,       0.000017,       0.000028,       0.000067,       0.000214,       0.000741,
   89.000000,       0.000016,       0.000019,       0.000016,       0.000015,       0.000012,       0.000013,       0.000016,       0.000025,       0.000059,       0.000191,       0.000655,
   89.500000,       0.000016,       0.000020,       0.000016,       0.000012,       0.000011,       0.000013,       0.000016,       0.000025,       0.000055,       0.000172,       0.000597,
   90.000000,       0.000016,       0.000020,       0.000018,       0.000015,       0.000013,       0.000013,       0.000016,       0.000024,       0.000051,       0.000156,       0.000531,
   90.500000,       0.000016,       0.000017,       0.000014,       0.000013,       0.000011,       0.000012,       0.000014,       0.000021,       0.000046,       0.000143,       0.000471,
   91.000000,       0.000016,       0.000018,       0.000013,       0.000014,       0.000011,       0.000012,       0.000014,       0.000020,       0.000043,       0.000129,       0.000417,
   91.500000,       0.000016,       0.000020,       0.000013,       0.000017,       0.000012,       0.000013,       0.000014,       0.000020,       0.000040,       0.000116,       0.000375,
   92.000000,       0.000016,       0.000022,       0.000014,       0.000012,       0.000014,       0.000014,       0.000016,       0.000021,       0.000039,       0.000102,       0.000338,
   92.500000,       0.000016,       0.000021,       0.000013,       0.000012,       0.000010,       0.000011,       0.000012,       0.000017,       0.000033,       0.000092,       0.000312,
   93.000000,       0.000016,       0.000021,       0.000014,       0.000011,       0.000011,       0.000012,       0.000013,       0.000017,       0.000032,       0.000085,       0.000283,
   93.500000,       0.000016,       0.000019,       0.000012,       0.000010,       0.000009,       0.000009,       0.000011,       0.000015,       0.000028,       0.000077,       0.000252,
   94.000000,       0.000016,       0.000022,       0.000019,       0.000011,       0.000011,       0.000011,       0.000012,       0.000016,       0.000028,       0.000072,       0.000228,
   94.500000,       0.000016,       0.000021,       0.000017,       0.000012,       0.000012,       0.000013,       0.000014,       0.000017,       0.000027,       0.000067,       0.000202,
   95.000000,       0.000016,       0.000018,       0.000020,       0.000015,       0.000015,       0.000015,       0.000016,       0.000019,       0.000029,       0.000064,       0.000185,
   95.500000,       0.000016,       0.000020,       0.000016,       0.000015,       0.000015,       0.000015,       0.000016,       0.000019,       0.000028,       0.000058,       0.000173,
   96.000000,       0.000016,       0.000018,       0.000016,       0.000015,       0.000015,       0.000015,       0.000016,       0.000018,       0.000026,       0.000053,       0.000155,
   96.500000,       0.000016,       0.000019,       0.000015,       0.000013,       0.000013,       0.000014,       0.000014,       0.000016,       0.000024,       0.000049,       0.000143,
   97.000000,       0.000016,       0.000018,       0.000016,       0.000015,       0.000015,       0.000015,       0.000016,       0.000018,       0.000024,       0.000048,       0.000130,
   97.500000,       0.000016,       0.000018,       0.000018,       0.000017,       0.000017,       0.000018,       0.000018,       0.000020,       0.000026,       0.000045,       0.000119,
   98.000000,       0.000016,       0.000018,       0.000016,       0.000016,       0.000016,       0.000016,       0.000017,       0.000018,       0.000023,       0.000041,       0.000105,
   98.500000,       0.000016,       0.000016,       0.000015,       0.000015,       0.000015,       0.000015,       0.000015,       0.000017,       0.000022,       0.000038,       0.000097,
   99.000000,       0.000016,       0.000020,       0.000018,       0.000018,       0.000018,       0.000018,       0.000019,       0.000020,       0.000024,       0.000039,       0.000091,
   99.500000,       0.000016,       0.000015,       0.000014,       0.000014,       0.000014,       0.000014,       0.000014,       0.000016,       0.000020,       0.000033,       0.000079,
