x,t=    0.000,  t=    5.000,  t=   10.000,  t=   15.000,  t=   20.000,  t=   25.000,  t=   30.000,  t=   35.000,  t=   40.000,  t=   45.000,  t=   50.000,
    0.000000,       0.000003,     -11.627815,     -11.894703,     -11.987106,     -12.039431,     -12.071751,     -12.093597,     -12.109509,     -12.122629,     -12.132538,     -12.142152,
    0.500000,       0.000003,     -11.592575,     -11.892405,     -11.987015,     -12.039726,     -12.072268,     -12.093853,     -12.109828,     -12.122946,     -12.132752,     -12.142263,
    1.000000,       0.000003,     -11.502158,     -11.886204,     -11.986874,     -12.040559,     -12.073210,     -12.094796,     -12.110810,     -12.123722,     -12.133514,     -12.142998,
    1.500000,       0.000003,     -11.356557,     -11.876486,     -11.986815,     -12.041924,     -12.074924,     -12.096296,     -12.112373,     -12.124986,     -12.134801,     -12.144125,
    2.000000,       0.000003,     -11.153652,     -11.863495,     -11.986918,     -12.044076,     -12.077301,     -12.098619,     -12.114399,     -12.126795,     -12.136381,     -12.145721,
    2.500000,       0.000003,     -10.887239,     -11.847428,     -11.987293,     -12.046978,     -12.080399,     -12.101442,     -12.117189,     -12.129097,     -12.138739,     -12.147784,
    3.000000,       0.000003,     -10.546162,     -11.828584,     -11.987964,     -12.050287,     -12.084042,     -12.105047,     -12.120479,     -12.131968,     -12.141205,     -12.150244,
    3.500000,       0.000003,     -10.114985,     -11.806805,     -11.989161,     -12.054592,     -12.088325,     -12.109217,     -12.124234,     -12.135449,     -12.144457,     -12.153116,
    4.000000,       0.000003,      -9.575310,     -11.781540,     -11.990967,     -12.059330,     -12.093344,     -12.114189,     -12.128798,     -12.139256,     -12.148152,     -12.156332,
    4.500000,       0.000003,      -8.910355,     -11.751911,     -11.993461,     -12.064754,     -12.098931,     -12.119552,     -12.133619,     -12.143734,     -12.152025,     -12.159884,
    5.000000,       0.000003,      -8.111663,     -11.716119,     -11.996777,     -12.070942,     -12.105350,     -12.125502,     -12.138622,     -12.148516,     -12.156582,     -12.163715,
    5.500000,       0.000003,      -7.186345,     -11.671617,     -12.000750,     -12.077994,     -12.112489,     -12.132057,     -12.144548,     -12.153934,     -12.161319,     -12.168034,
    6.000000,       0.000003,      -6.164100,     -11.614393,     -12.005637,     -12.085873,     -12.120171,     -12.138826,     -12.150898,     -12.159662,     -12.166616,     -12.172657,
    6.500000,       0.000003,      -5.098679,     -11.539464,     -12.010880,     -12.094390,     -12.128501,     -12.146111,     -12.157677,     -12.165785,     -12.171915,     -12.177774,
    7.000000,       0.000003,      -4.059969,     -11.440056,     -12.015989,     -12.103680,     -12.137023,     -12.154028,     -12.164858,     -12.172274,     -12.177843,     -12.183105,
    7.500000,       0.000003,      -3.117844,     -11.306704,     -12.021090,     -12.113296,     -12.146371,     -12.162487,     -12.172459,     -12.179005,     -12.183920,     -12.188688,
    8.000000,       0.000003,      -2.323220,     -11.128815,     -12.025278,     -12.123529,     -12.156027,     -12.171272,     -12.180414,     -12.186028,     -12.190383,     -12.194613,
    8.500000,       0.000003,      -1.696290,     -10.892498,     -12.028084,     -12.134571,     -12.166205,     -12.180365,     -12.188595,     -12.193403,     -12.197281,     -12.200872,
    9.000000,       0.000003,      -1.227880,     -10.580908,     -12.028162,     -12.145649,     -12.176550,     -12.189795,     -12.197041,     -12.201008,     -12.204203,     -12.207096,
    9.500000,       0.000003,      -0.890813,     -10.176370,     -12.024242,     -12.157022,     -12.187418,     -12.199499,     -12.205693,     -12.209000,     -12.211370,     -12.213452,
   10.000000,       0.000003,      -0.652994,      -9.660212,     -12.015146,     -12.168587,     -12.198486,     -12.209547,     -12.214687,     -12.216898,     -12.218456,     -12.219668,
   10.500000,       0.000003,      -0.485924,      -9.017370,     -11.998446,     -12.179665,     -12.209541,     -12.219460,     -12.223562,     -12.225092,     -12.225563,     -12.226330,
   11.000000,       0.000003,      -0.367793,      -8.240701,     -11.971712,     -12.190243,     -12.220634,     -12.229561,     -12.232420,     -12.233051,     -12.232977,     -12.233164,
   11.500000,       0.000003,      -0.283133,      -7.337150,     -11.931556,     -12.200480,     -12.231634,     -12.239326,     -12.241484,     -12.241169,     -12.240541,     -12.239929,
   12.000000,       0.000003,      -0.221471,      -6.334013,     -11.874008,     -12.209548,     -12.242651,     -12.249470,     -12.250546,     -12.249462,     -12.248072,     -12.246874,
   12.500000,       0.000003,      -0.175744,      -5.280215,     -11.793510,     -12.217362,     -12.253381,     -12.259412,     -12.259518,     -12.257650,     -12.255719,     -12.253750,
   13.000000,       0.000003,      -0.141274,      -4.240805,     -11.683029,     -12.223415,     -12.263915,     -12.269308,     -12.268583,     -12.265849,     -12.263060,     -12.260765,
   13.500000,       0.000003,      -0.114797,      -3.284012,     -11.533566,     -12.227455,     -12.273784,     -12.278942,     -12.277416,     -12.273945,     -12.270635,     -12.267653,
   14.000000,       0.000003,      -0.094144,      -2.463158,     -11.334388,     -12.228849,     -12.283156,     -12.288192,     -12.286060,     -12.281999,     -12.277978,     -12.274343,
   14.500000,       0.000003,      -0.077770,      -1.804551,     -11.071707,     -12.226830,     -12.292122,     -12.297026,     -12.294337,     -12.289660,     -12.285191,     -12.281046,
   15.000000,       0.000003,      -0.064604,      -1.305389,     -10.729755,     -12.220576,     -12.300545,     -12.305665,     -12.302391,     -12.297350,     -12.292323,     -12.287558,
   15.500000,       0.000003,      -0.053884,      -0.942643,     -10.291069,     -12.208898,     -12.308116,     -12.314032,     -12.310162,     -12.304666,     -12.299002,     -12.293903,
   16.000000,       0.000003,      -0.045084,      -0.685493,      -9.738240,     -12.190533,     -12.314823,     -12.321951,     -12.317749,     -12.311821,     -12.306005,     -12.300312,
   16.500000,       0.000003,      -0.037800,      -0.504856,      -9.057432,     -12.163486,     -12.320686,     -12.329415,     -12.325258,     -12.318951,     -12.312490,     -12.306362,
   17.000000,       0.000003,      -0.031737,      -0.377601,      -8.243380,     -12.125202,     -12.325555,     -12.336363,     -12.332233,     -12.325722,     -12.318985,     -12.312664,
   17.500000,       0.000003,      -0.026669,      -0.286968,      -7.305634,     -12.072369,     -12.329168,     -12.342915,     -12.338736,     -12.332237,     -12.325156,     -12.318594,
   18.000000,       0.000003,      -0.022423,      -0.221420,      -6.274487,     -12.000907,     -12.331377,     -12.348946,     -12.345001,     -12.338343,     -12.331110,     -12.324198,
   18.500000,       0.000003,      -0.018866,      -0.173243,      -5.201492,     -11.905315,     -12.332094,     -12.354571,     -12.350926,     -12.344082,     -12.336727,     -12.329721,
   19.000000,       0.000003,      -0.015866,      -0.137235,      -4.153334,     -11.778166,     -12.331274,     -12.359473,     -12.356516,     -12.349579,     -12.342075,     -12.334821,
   19.500000,       0.000003,      -0.013337,      -0.109906,      -3.197898,     -11.611019,     -12.328167,     -12.363976,     -12.361526,     -12.354893,     -12.347358,     -12.339722,
   20.000000,       0.000003,      -0.011192,      -0.088852,      -2.386101,     -11.392170,     -12.322123,     -12.367969,     -12.366357,     -12.359805,     -12.352203,     -12.344630,
   20.500000,       0.000003,      -0.009379,      -0.072424,      -1.740603,     -11.107939,     -12.312723,     -12.371250,     -12.370682,     -12.364519,     -12.356744,     -12.349159,
   21.000000,       0.000003,      -0.007830,      -0.059458,      -1.255168,     -10.742128,     -12.299128,     -12.374251,     -12.374790,     -12.368787,     -12.361227,     -12.353569,
   21.500000,       0.000003,      -0.006520,      -0.049141,      -0.904513,     -10.277237,     -12.280048,     -12.376715,     -12.378550,     -12.372756,     -12.365355,     -12.357747,
   22.000000,       0.000003,      -0.005406,      -0.040829,      -0.656963,      -9.696242,     -12.254465,     -12.378328,     -12.381920,     -12.376516,     -12.369205,     -12.361722,
   22.500000,       0.000003,      -0.004462,      -0.034106,      -0.483528,      -8.985980,     -12.220034,     -12.379320,     -12.385096,     -12.380001,     -12.372860,     -12.365386,
   23.000000,       0.000003,      -0.003661,      -0.028604,      -0.361474,      -8.142988,     -12.174219,     -12.379261,     -12.388127,     -12.383299,     -12.376392,     -12.369030,
   23.500000,       0.000003,      -0.002996,      -0.024093,      -0.274584,      -7.180071,     -12.113886,     -12.378249,     -12.390713,     -12.386299,     -12.379665,     -12.372385,
   24.000000,       0.000003,      -0.002440,      -0.020367,      -0.211758,      -6.130735,     -12.034454,     -12.375886,     -12.393039,     -12.389296,     -12.382588,     -12.375462,
   24.500000,       0.000003,      -0.001982,      -0.017270,      -0.165573,      -5.049990,     -11.929888,     -12.372400,     -12.394852,     -12.391992,     -12.385498,     -12.378572,
   25.000000,       0.000003,      -0.001598,      -0.014691,      -0.131051,      -4.006133,     -11.793436,     -12.367208,     -12.396440,     -12.394501,     -12.388296,     -12.381342,
   25.500000,       0.000003,      -0.001290,      -0.012530,      -0.104840,      -3.065705,     -11.615644,     -12.360064,     -12.397627,     -12.396770,     -12.390993,     -12.384162,
   26.000000,       0.000003,      -0.001034,      -0.010708,      -0.084664,      -2.275934,     -11.384534,     -12.350310,     -12.398313,     -12.398642,     -12.393414,     -12.386930,
   26.500000,       0.000003,      -0.000828,      -0.009175,      -0.068926,      -1.654519,     -11.086105,     -12.337602,     -12.398682,     -12.400263,     -12.395700,     -12.389452,
   27.000000,       0.000003,      -0.000664,      -0.007882,      -0.056515,      -1.191151,     -10.703554,     -12.320682,     -12.398729,     -12.401766,     -12.397793,     -12.391740,
   27.500000,       0.000003,      -0.000524,      -0.006778,      -0.046634,      -0.858330,     -10.219463,     -12.298724,     -12.398100,     -12.403034,     -12.399514,     -12.394051,
   28.000000,       0.000003,      -0.000412,      -0.005846,      -0.038700,      -0.624103,      -9.616873,     -12.269940,     -12.396999,     -12.404041,     -12.400940,     -12.396036,
   28.500000,       0.000003,      -0.000322,      -0.005043,      -0.032275,      -0.460097,      -8.883728,     -12.232335,     -12.395407,     -12.404844,     -12.402384,     -12.397829,
   29.000000,       0.000003,      -0.000250,      -0.004371,      -0.027043,      -0.344616,      -8.018728,     -12.183122,     -12.393120,     -12.405349,     -12.403664,     -12.399334,
   29.500000,       0.000003,      -0.000196,      -0.003778,      -0.022734,      -0.262252,      -7.037327,     -12.118982,     -12.390261,     -12.405720,     -12.404732,     -12.400679,
   30.000000,       0.000003,      -0.000150,      -0.003275,      -0.019180,      -0.202593,      -5.976583,     -12.035314,     -12.386427,     -12.405981,     -12.405648,     -12.402149,
   30.500000,       0.000003,      -0.000108,      -0.002847,      -0.016244,      -0.158623,      -4.894353,     -11.925824,     -12.381403,     -12.406029,     -12.406277,     -12.403126,
   31.000000,       0.000003,      -0.000084,      -0.002467,      -0.013794,      -0.125678,      -3.860024,     -11.783266,     -12.374800,     -12.405655,     -12.406672,     -12.404134,
   31.500000,       0.000003,      -0.000061,      -0.002148,      -0.011748,      -0.100628,      -2.938273,     -11.598041,     -12.366373,     -12.405309,     -12.407190,     -12.404789,
   32.000000,       0.000003,      -0.000042,      -0.001869,      -0.010026,      -0.081308,      -2.172420,     -11.357830,     -12.355584,     -12.404690,     -12.407696,     -12.405418,
   32.500000,       0.000003,      -0.000027,      -0.001624,      -0.008574,      -0.066216,      -1.575399,     -11.048008,     -12.341717,     -12.403738,     -12.408016,     -12.406136,
   33.000000,       0.000003,      -0.000016,      -0.001426,      -0.007360,      -0.054305,      -1.133364,     -10.651651,     -12.323755,     -12.402550,     -12.408249,     -12.406729,
   33.500000,       0.000003,      -0.000011,      -0.001246,      -0.006319,      -0.044820,      -0.817271,     -10.151197,     -12.300629,     -12.401074,     -12.408116,     -12.407266,
   34.000000,       0.000003,      -0.000007,      -0.001082,      -0.005434,      -0.037194,      -0.595245,      -9.530283,     -12.270589,     -12.399304,     -12.407835,     -12.407681,
   34.500000,       0.000003,      -0.000000,      -0.000947,      -0.004690,      -0.031015,      -0.439805,      -8.777526,     -12.231351,     -12.397161,     -12.407597,     -12.407803,
   35.000000,       0.000003,       0.000003,      -0.000835,      -0.004045,      -0.025969,      -0.330158,      -7.893812,     -12.180342,     -12.394421,     -12.407368,     -12.407765,
   35.500000,       0.000003,       0.000006,      -0.000725,      -0.003505,      -0.021831,      -0.251817,      -6.897542,     -12.113826,     -12.391053,     -12.406995,     -12.407742,
   36.000000,       0.000003,       0.000007,      -0.000632,      -0.003025,      -0.018410,      -0.194912,      -5.828861,     -12.027170,     -12.386909,     -12.406593,     -12.407657,
   36.500000,       0.000003,       0.000009,      -0.000556,      -0.002622,      -0.015577,      -0.152872,      -4.747973,     -11.913876,     -12.381447,     -12.406033,     -12.407531,
   37.000000,       0.000003,       0.000010,      -0.000488,      -0.002276,      -0.013220,      -0.121307,      -3.724957,     -11.766468,     -12.374578,     -12.405383,     -12.407394,
   37.500000,       0.000003,       0.000010,      -0.000429,      -0.001977,      -0.011255,      -0.097250,      -2.822411,     -11.574791,     -12.365856,     -12.404572,     -12.407249,
   38.000000,       0.000003,       0.000011,      -0.000373,      -0.001720,      -0.009588,      -0.078660,      -2.079599,     -11.326472,     -12.354548,     -12.403702,     -12.407053,
   38.500000,       0.000003,       0.000012,      -0.000327,      -0.001496,      -0.008196,      -0.064114,      -1.505296,     -11.006411,     -12.340407,     -12.402561,     -12.406850,
   39.000000,       0.000003,       0.000012,      -0.000287,      -0.001299,      -0.007021,      -0.052618,      -1.082610,     -10.597395,     -12.321939,     -12.401196,     -12.406633,
   39.500000,       0.000003,       0.000012,      -0.000250,      -0.001135,      -0.006031,      -0.043452,      -0.781443,     -10.081873,     -12.298038,     -12.399519,     -12.406397,
   40.000000,       0.000003,       0.000013,      -0.000218,      -0.000991,      -0.005176,      -0.036072,      -0.570201,      -9.443799,     -12.267219,     -12.397642,     -12.405991,
   40.500000,       0.000003,       0.000013,      -0.000190,      -0.000864,      -0.004456,      -0.030081,      -0.422185,      -8.673301,     -12.226893,     -12.395337,     -12.405664,
   41.000000,       0.000003,       0.000013,      -0.000165,      -0.000745,      -0.003842,      -0.025184,      -0.317668,      -7.772859,     -12.174340,     -12.392525,     -12.405264,
   41.500000,       0.000003,       0.000013,      -0.000146,      -0.000656,      -0.003316,      -0.021171,      -0.242798,      -6.763675,     -12.106030,     -12.389132,     -12.404802,
   42.000000,       0.000003,       0.000013,      -0.000122,      -0.000571,      -0.002861,      -0.017850,      -0.188300,      -5.689054,     -12.016626,     -12.384731,     -12.404324,
   42.500000,       0.000003,       0.000013,      -0.000110,      -0.000499,      -0.002473,      -0.015106,      -0.147939,      -4.611202,     -11.899807,     -12.379362,     -12.403787,
   43.000000,       0.000003,       0.000013,      -0.000090,      -0.000431,      -0.002141,      -0.012814,      -0.117571,      -3.600237,     -11.747624,     -12.372534,     -12.403168,
   43.500000,       0.000003,       0.000013,      -0.000078,      -0.000374,      -0.001856,      -0.010898,      -0.094372,      -2.716585,     -11.549859,     -12.363586,     -12.402397,
   44.000000,       0.000003,       0.000013,      -0.000066,      -0.000327,      -0.001607,      -0.009287,      -0.076418,      -1.995679,     -11.293478,     -12.352117,     -12.401476,
   44.500000,       0.000003,       0.000013,      -0.000060,      -0.000289,      -0.001394,      -0.007930,      -0.062344,      -1.442401,     -10.963309,     -12.337650,     -12.400400,
   45.000000,       0.000003,       0.000013,      -0.000047,      -0.000247,      -0.001208,      -0.006785,      -0.051215,      -1.037306,     -10.542018,     -12.318703,     -12.399078,
   45.500000,       0.000003,       0.000013,      -0.000040,      -0.000214,      -0.001051,      -0.005816,      -0.042317,      -0.749561,     -10.012118,     -12.294249,     -12.397522,
   46.000000,       0.000003,       0.000013,      -0.000028,      -0.000184,      -0.000914,      -0.004994,      -0.035147,      -0.547900,      -9.357754,     -12.262663,     -12.395578,
   46.500000,       0.000003,       0.000013,      -0.000025,      -0.000160,      -0.000794,      -0.004296,      -0.029324,      -0.406556,      -8.570284,     -12.221304,     -12.393253,
   47.000000,       0.000003,       0.000013,      -0.000018,      -0.000143,      -0.000686,      -0.003696,      -0.024573,      -0.306539,      -7.654536,     -12.167221,     -12.390322,
   47.500000,       0.000003,       0.000013,      -0.000014,      -0.000118,      -0.000591,      -0.003184,      -0.020661,      -0.234779,      -6.634056,     -12.096790,     -12.386845,
   48.000000,       0.000003,       0.000013,      -0.000007,      -0.000104,      -0.000513,      -0.002746,      -0.017426,      -0.182413,      -5.554890,     -12.004768,     -12.382519,
   48.500000,       0.000003,       0.000013,      -0.000003,      -0.000084,      -0.000444,      -0.002370,      -0.014747,      -0.143544,      -4.481197,     -11.884264,     -12.377009,
   49.000000,       0.000003,       0.000013,      -0.000000,      -0.000073,      -0.000381,      -0.002046,      -0.012513,      -0.114233,      -3.482905,     -11.727386,     -12.370054,
   49.500000,       0.000003,       0.000013,       0.000003,      -0.000057,      -0.000333,      -0.001765,      -0.010644,      -0.091817,      -2.617993,     -11.523369,     -12.360990,
   50.000000,       0.000003,       0.000013,       0.000002,      -0.000049,      -0.000288,      -0.001529,      -0.009070,      -0.074425,      -1.918161,     -11.259153,     -12.349330,
   50.500000,       0.000003,       0.000013,       0.000007,      -0.000039,      -0.000248,      -0.001324,      -0.007749,      -0.060779,      -1.384655,     -10.919243,     -12.334429,
   51.000000,       0.000003,       0.000013,       0.000009,      -0.000028,      -0.000206,      -0.001145,      -0.006636,      -0.049961,      -0.995926,     -10.485649,     -12.315196,
   51.500000,       0.000003,       0.000013,       0.000010,      -0.000026,      -0.000177,      -0.000989,      -0.005688,      -0.041310,      -0.720491,      -9.941479,     -12.290091,
   52.000000,       0.000003,       0.000013,       0.000012,      -0.000017,      -0.000148,      -0.000860,      -0.004884,      -0.034338,      -0.527561,      -9.271267,     -12.257668,
   52.500000,       0.000003,       0.000013,       0.000013,      -0.000012,      -0.000126,      -0.000737,      -0.004196,      -0.028668,      -0.392249,      -8.467609,     -12.215033,
   53.000000,       0.000003,       0.000013,       0.000014,      -0.000004,      -0.000103,      -0.000639,      -0.003615,      -0.024029,      -0.296365,      -7.537264,     -12.159513,
   53.500000,       0.000003,       0.000013,       0.000016,      -0.000000,      -0.000082,      -0.000552,      -0.003112,      -0.020213,      -0.227399,      -6.506694,     -12.086981,
   54.000000,       0.000003,       0.000013,       0.000016,       0.000005,      -0.000064,      -0.000474,      -0.002681,      -0.017058,      -0.176988,      -5.424413,     -11.992077,
   54.500000,       0.000003,       0.000013,       0.000018,       0.000007,      -0.000051,      -0.000405,      -0.002317,      -0.014436,      -0.139480,      -4.355982,     -11.867933,
   55.000000,       0.000003,       0.000013,       0.000018,       0.000011,      -0.000035,      -0.000348,      -0.002001,      -0.012260,      -0.111152,      -3.370930,     -11.706267,
   55.500000,       0.000003,       0.000013,       0.000018,       0.000016,      -0.000027,      -0.000298,      -0.001727,      -0.010427,      -0.089449,      -2.524747,     -11.496003,
   56.000000,       0.000003,       0.000013,       0.000018,       0.000016,      -0.000013,      -0.000257,      -0.001491,      -0.008894,      -0.072584,      -1.845401,     -11.223736,
   56.500000,       0.000003,       0.000013,       0.000019,       0.000019,      -0.000005,      -0.000217,      -0.001291,      -0.007602,      -0.059317,      -1.330785,     -10.873735,
   57.000000,       0.000003,       0.000013,       0.000021,       0.000022,       0.000000,      -0.000183,      -0.001114,      -0.006507,      -0.048806,      -0.957419,     -10.428093,
   57.500000,       0.000003,       0.000013,       0.000021,       0.000024,       0.000011,      -0.000153,      -0.000967,      -0.005577,      -0.040388,      -0.693484,      -9.869667,
   58.000000,       0.000003,       0.000013,       0.000022,       0.000026,       0.000018,      -0.000126,      -0.000834,      -0.004786,      -0.033582,      -0.508669,      -9.183853,
   58.500000,       0.000003,       0.000013,       0.000022,       0.000028,       0.000024,      -0.000103,      -0.000720,      -0.004113,      -0.028054,      -0.378942,      -8.364546,
   59.000000,       0.000003,       0.000013,       0.000023,       0.000029,       0.000027,      -0.000081,      -0.000616,      -0.003546,      -0.023528,      -0.286858,      -7.420300,
   59.500000,       0.000003,       0.000013,       0.000022,       0.000031,       0.000034,      -0.000063,      -0.000538,      -0.003050,      -0.019802,      -0.220528,      -6.380629,
   60.000000,       0.000003,       0.000013,       0.000023,       0.000032,       0.000039,      -0.000046,      -0.000462,      -0.002630,      -0.016719,      -0.171901,      -5.296155,
   60.500000,       0.000003,       0.000013,       0.000023,       0.000033,       0.000042,      -0.000036,      -0.000391,      -0.002271,      -0.014153,      -0.135679,      -4.233973,
   61.000000,       0.000003,       0.000013,       0.000023,       0.000033,       0.000040,      -0.000021,      -0.000339,      -0.001964,      -0.012026,      -0.108254,      -3.262867,
   61.500000,       0.000003,       0.000013,       0.000023,       0.000035,       0.000042,      -0.000014,      -0.000293,      -0.001694,      -0.010227,      -0.087208,      -2.435561,
   62.000000,       0.000003,       0.000013,       0.000023,       0.000036,       0.000043,      -0.000000,      -0.000246,      -0.001469,      -0.008729,      -0.070830,      -1.776311,
   62.500000,       0.000003,       0.000013,       0.000024,       0.000037,       0.000045,       0.000006,      -0.000211,      -0.001266,      -0.007460,      -0.057945,      -1.279892,
   63.000000,       0.000003,       0.000013,       0.000024,       0.000036,       0.000046,       0.000013,      -0.000175,      -0.001098,      -0.006390,      -0.047712,      -0.921156,
   63.500000,       0.000003,       0.000013,       0.000024,       0.000037,       0.000048,       0.000020,      -0.000144,      -0.000949,      -0.005479,      -0.039503,      -0.668049,
   64.000000,       0.000003,       0.000013,       0.000024,       0.000038,       0.000048,       0.000027,      -0.000122,      -0.000820,      -0.004705,      -0.032874,      -0.490876,
   64.500000,       0.000003,       0.000013,       0.000025,       0.000039,       0.000049,       0.000027,      -0.000096,      -0.000705,      -0.004050,      -0.027475,      -0.366382,
   65.000000,       0.000003,       0.000013,       0.000025,       0.000040,       0.000050,       0.000033,      -0.000078,      -0.000608,      -0.003487,      -0.023053,      -0.277879,
   65.500000,       0.000003,       0.000013,       0.000025,       0.000041,       0.000049,       0.000035,      -0.000060,      -0.000527,      -0.003000,      -0.019412,      -0.213993,
   66.000000,       0.000003,       0.000013,       0.000025,       0.000042,       0.000050,       0.000039,      -0.000046,      -0.000454,      -0.002585,      -0.016390,      -0.167076,
   66.500000,       0.000003,       0.000013,       0.000025,       0.000042,       0.000050,       0.000039,      -0.000033,      -0.000383,      -0.002232,      -0.013886,      -0.132045,
   67.000000,       0.000003,       0.000013,       0.000026,       0.000043,       0.000050,       0.000040,      -0.000020,      -0.000332,      -0.001933,      -0.011798,      -0.105499,
   67.500000,       0.000003,       0.000013,       0.000025,       0.000044,       0.000052,       0.000042,      -0.000009,      -0.000289,      -0.001666,      -0.010041,      -0.085069,
   68.000000,       0.000003,       0.000013,       0.000026,       0.000044,       0.000052,       0.000044,      -0.000003,      -0.000246,      -0.001449,      -0.008573,      -0.069162,
   68.500000,       0.000003,       0.000013,       0.000026,       0.000044,       0.000051,       0.000044,       0.000005,      -0.000210,      -0.001241,      -0.007333,      -0.056624,
   69.000000,       0.000003,       0.000013,       0.000026,       0.000044,       0.000051,       0.000047,       0.000013,      -0.000175,      -0.001082,      -0.006275,      -0.046665,
   69.500000,       0.000003,       0.000013,       0.000026,       0.000044,       0.000053,       0.000048,       0.000018,      -0.000141,      -0.000936,      -0.005388,      -0.038662,
   70.000000,       0.000003,       0.000013,       0.000027,       0.000045,       0.000052,       0.000048,       0.000023,      -0.000121,      -0.000810,      -0.004631,      -0.032192,
   70.500000,       0.000003,       0.000013,       0.000027,       0.000046,       0.000053,       0.000048,       0.000026,      -0.000095,      -0.000699,      -0.003984,      -0.026918,
   71.000000,       0.000003,       0.000013,       0.000026,       0.000045,       0.000053,       0.000048,       0.000029,      -0.000081,      -0.000599,      -0.003429,      -0.022600,
   71.500000,       0.000003,       0.000013,       0.000027,       0.000044,       0.000053,       0.000049,       0.000033,      -0.000061,      -0.000522,      -0.002956,      -0.019037,
   72.000000,       0.000003,       0.000013,       0.000026,       0.000045,       0.000053,       0.000049,       0.000036,      -0.000045,      -0.000449,      -0.002552,      -0.016087,
   72.500000,       0.000003,       0.000013,       0.000027,       0.000045,       0.000054,       0.000051,       0.000036,      -0.000033,      -0.000380,      -0.002203,      -0.013631,
   73.000000,       0.000003,       0.000012,       0.000027,       0.000046,       0.000054,       0.000051,       0.000038,      -0.000021,      -0.000334,      -0.001900,      -0.011585,
   73.500000,       0.000003,       0.000013,       0.000027,       0.000045,       0.000053,       0.000053,       0.000041,      -0.000013,      -0.000287,      -0.001644,      -0.009868,
   74.000000,       0.000003,       0.000012,       0.000027,       0.000046,       0.000052,       0.000051,       0.000042,      -0.000006,      -0.000245,      -0.001429,      -0.008421,
   74.500000,       0.000003,       0.000013,       0.000028,       0.000045,       0.000053,       0.000052,       0.000042,       0.000001,      -0.000211,      -0.001228,      -0.007209,
   75.000000,       0.000003,       0.000013,       0.000028,       0.000045,       0.000053,       0.000053,       0.000043,       0.000009,      -0.000179,      -0.001069,      -0.006172,
   75.500000,       0.000003,       0.000013,       0.000029,       0.000044,       0.000052,       0.000054,       0.000046,       0.000015,      -0.000144,      -0.000930,      -0.005302,
   76.000000,       0.000003,       0.000013,       0.000030,       0.000045,       0.000052,       0.000054,       0.000046,       0.000019,      -0.000124,      -0.000802,      -0.004550,
   76.500000,       0.000003,       0.000013,       0.000030,       0.000046,       0.000051,       0.000054,       0.000047,       0.000023,      -0.000100,      -0.000692,      -0.003921,
   77.000000,       0.000003,       0.000013,       0.000030,       0.000045,       0.000052,       0.000054,       0.000046,       0.000026,      -0.000084,      -0.000597,      -0.003378,
   77.500000,       0.000003,       0.000013,       0.000029,       0.000045,       0.000051,       0.000051,       0.000045,       0.000030,      -0.000067,      -0.000520,      -0.002916,
   78.000000,       0.000003,       0.000013,       0.000030,       0.000045,       0.000050,       0.000051,       0.000045,       0.000032,      -0.000052,      -0.000450,      -0.002516,
   78.500000,       0.000003,       0.000013,       0.000030,       0.000045,       0.000050,       0.000052,       0.000046,       0.000032,      -0.000039,      -0.000384,      -0.002171,
   79.000000,       0.000003,       0.000014,       0.000030,       0.000045,       0.000050,       0.000051,       0.000046,       0.000034,      -0.000027,      -0.000336,      -0.001881,
   79.500000,       0.000003,       0.000014,       0.000032,       0.000045,       0.000049,       0.000050,       0.000046,       0.000035,      -0.000018,      -0.000287,      -0.001626,
   80.000000,       0.000003,       0.000014,       0.000032,       0.000045,       0.000049,       0.000048,       0.000045,       0.000036,      -0.000010,      -0.000249,      -0.001409,
   80.500000,       0.000003,       0.000014,       0.000032,       0.000045,       0.000049,       0.000049,       0.000045,       0.000036,      -0.000004,      -0.000215,      -0.001223,
   81.000000,       0.000003,       0.000014,       0.000032,       0.000045,       0.000049,       0.000048,       0.000045,       0.000037,       0.000003,      -0.000183,      -0.001061,
   81.500000,       0.000003,       0.000014,       0.000032,       0.000044,       0.000049,       0.000048,       0.000046,       0.000038,       0.000009,      -0.000152,      -0.000923,
   82.000000,       0.000003,       0.000014,       0.000034,       0.000044,       0.000048,       0.000048,       0.000045,       0.000039,       0.000014,      -0.000130,      -0.000795,
   82.500000,       0.000003,       0.000014,       0.000034,       0.000043,       0.000047,       0.000047,       0.000044,       0.000039,       0.000017,      -0.000106,      -0.000688,
   83.000000,       0.000003,       0.000014,       0.000033,       0.000043,       0.000047,       0.000047,       0.000044,       0.000038,       0.000022,      -0.000090,      -0.000598,
   83.500000,       0.000003,       0.000014,       0.000034,       0.000043,       0.000046,       0.000046,       0.000044,       0.000039,       0.000023,      -0.000071,      -0.000522,
   84.000000,       0.000003,       0.000014,       0.000033,       0.000043,       0.000044,       0.000045,       0.000044,       0.000038,       0.000025,      -0.000060,      -0.000450,
   84.500000,       0.000003,       0.000016,       0.000033,       0.000042,       0.000044,       0.000045,       0.000044,       0.000039,       0.000025,      -0.000046,      -0.000387,
   85.000000,       0.000003,       0.000015,       0.000033,       0.000042,       0.000042,       0.000043,       0.000042,       0.000038,       0.000026,      -0.000035,      -0.000341,
   85.500000,       0.000003,       0.000015,       0.000033,       0.000042,       0.000043,       0.000042,       0.000042,       0.000038,       0.000026,      -0.000026,      -0.000291,
   86.000000,       0.000003,       0.000015,       0.000033,       0.000042,       0.000043,       0.000043,       0.000042,       0.000038,       0.000027,      -0.000017,      -0.000250,
   86.500000,       0.000003,       0.000016,       0.000032,       0.000042,       0.000043,       0.000042,       0.000042,       0.000038,       0.000028,      -0.000012,      -0.000220,
   87.000000,       0.000003,       0.000017,       0.000033,       0.000041,       0.000042,       0.000042,       0.000042,       0.000038,       0.000030,      -0.000005,      -0.000189,
   87.500000,       0.000003,       0.000018,       0.000032,       0.000041,       0.000042,       0.000042,       0.000042,       0.000039,       0.000031,       0.000001,      -0.000158,
   88.000000,       0.000003,       0.000018,       0.000033,       0.000039,       0.000041,       0.000042,       0.000041,       0.000039,       0.000031,       0.000006,      -0.000139,
   88.500000,       0.000003,       0.000018,       0.000033,       0.000039,       0.000041,       0.000041,       0.000041,       0.000039,       0.000032,       0.000011,      -0.000115,
   89.000000,       0.000003,       0.000019,       0.000032,       0.000038,       0.000040,       0.000040,       0.000040,       0.000037,       0.000031,       0.000014,      -0.000099,
   89.500000,       0.000003,       0.000019,       0.000033,       0.000037,       0.000039,       0.000040,       0.000040,       0.000038,       0.000031,       0.000016,      -0.000080,
   90.000000,       0.000003,       0.000019,       0.000032,       0.000035,       0.000037,       0.000038,       0.000038,       0.000037,       0.000031,       0.000019,      -0.000070,
   90.500000,       0.000003,       0.000019,       0.000030,       0.000034,       0.000036,       0.000036,       0.000036,       0.000035,       0.000029,       0.000018,      -0.000057,
   91.000000,       0.000003,       0.000019,       0.000030,       0.000034,       0.000036,       0.000036,       0.000036,       0.000035,       0.000030,       0.000018,      -0.000050,
   91.500000,       0.000003,       0.000019,       0.000030,       0.000034,       0.000034,       0.000035,       0.000035,       0.000034,       0.000030,       0.000018,      -0.000037,
   92.000000,       0.000003,       0.000019,       0.000030,       0.000033,       0.000033,       0.000033,       0.000033,       0.000032,       0.000028,       0.000017,      -0.000032,
   92.500000,       0.000003,       0.000020,       0.000027,       0.000031,       0.000031,       0.000031,       0.000031,       0.000031,       0.000027,       0.000017,      -0.000026,
   93.000000,       0.000003,       0.000020,       0.000028,       0.000030,       0.000030,       0.000030,       0.000030,       0.000030,       0.000026,       0.000017,      -0.000019,
   93.500000,       0.000003,       0.000020,       0.000027,       0.000029,       0.000029,       0.000029,       0.000029,       0.000029,       0.000026,       0.000018,      -0.000014,
   94.000000,       0.000003,       0.000021,       0.000027,       0.000027,       0.000027,       0.000028,       0.000028,       0.000027,       0.000025,       0.000017,      -0.000011,
   94.500000,       0.000003,       0.000021,       0.000027,       0.000026,       0.000026,       0.000026,       0.000026,       0.000026,       0.000024,       0.000017,      -0.000006,
   95.000000,       0.000003,       0.000020,       0.000026,       0.000026,       0.000026,       0.000026,       0.000026,       0.000026,       0.000023,       0.000017,      -0.000003,
   95.500000,       0.000003,       0.000019,       0.000023,       0.000023,       0.000024,       0.000024,       0.000024,       0.000024,       0.000022,       0.000016,      -0.000000,
   96.000000,       0.000003,       0.000018,       0.000021,       0.000022,       0.000022,       0.000022,       0.000022,       0.000022,       0.000021,       0.000016,       0.000002,
   96.500000,       0.000003,       0.000018,       0.000019,       0.000020,       0.000020,       0.000020,       0.000020,       0.000020,       0.000019,       0.000014,      -0.000001,
   97.000000,       0.000003,       0.000017,       0.000018,       0.000018,       0.000018,       0.000018,       0.000018,       0.000018,       0.000018,       0.000013,       0.000002,
   97.500000,       0.000003,       0.000016,       0.000017,       0.000017,       0.000017,       0.000017,       0.000017,       0.000017,       0.000016,       0.000012,       0.000001,
   98.000000,       0.000003,       0.000015,       0.000015,       0.000015,       0.000015,       0.000015,       0.000015,       0.000015,       0.000014,       0.000010,       0.000000,
   98.500000,       0.000003,       0.000012,       0.000012,       0.000013,       0.000013,       0.000013,       0.000013,       0.000013,       0.000012,       0.000009,      -0.000000,
   99.000000,       0.000003,       0.000012,       0.000012,       0.000012,       0.000012,       0.000012,       0.000012,       0.000012,       0.000012,       0.000009,       0.000000,
   99.500000,       0.000003,       0.000008,       0.000009,       0.000009,       0.000009,       0.000009,       0.000009,       0.000009,       0.000009,       0.000006,      -0.000001,
