  -6  -6     1.951912E-11
  -6  -5     5.445214E-10
  -6  -4     8.293640E-09
  -6  -3     6.896826E-08
  -6  -2     3.131309E-07
  -6  -1     7.761994E-07
  -6   0     1.050484E-06
  -6   1     7.761994E-07
  -6   2     3.131309E-07
  -6   3     6.896826E-08
  -6   4     8.293640E-09
  -6   5     5.445214E-10
  -6   6     1.951912E-11
  -5  -6     5.455157E-10
  -5  -5     1.521122E-08
  -5  -4     2.315959E-07
  -5  -3     1.925338E-06
  -5  -2     8.739591E-06
  -5  -1     2.166119E-05
  -5   0     2.931429E-05
  -5   1     2.166119E-05
  -5   2     8.739591E-06
  -5   3     1.925338E-06
  -5   4     2.315959E-07
  -5   5     1.521122E-08
  -5   6     5.455157E-10
  -4  -6     8.318144E-09
  -4  -5     2.318340E-07
  -4  -4     3.528375E-06
  -4  -3     2.932365E-05
  -4  -2     1.330782E-04
  -4  -1     3.297921E-04
  -4   0     4.462910E-04
  -4   1     3.297921E-04
  -4   2     1.330782E-04
  -4   3     2.932365E-05
  -4   4     3.528375E-06
  -4   5     2.318340E-07
  -4   6     8.318144E-09
  -3  -6     6.921827E-08
  -3  -5     1.928218E-06
  -3  -4     2.933437E-05
  -3  -3     2.437150E-04
  -3  -2     1.105789E-03
  -3  -1     2.739973E-03
  -3   0     3.707698E-03
  -3   1     2.739973E-03
  -3   2     1.105789E-03
  -3   3     2.437150E-04
  -3   4     2.933437E-05
  -3   5     1.928218E-06
  -3   6     6.921827E-08
  -2  -6     3.144067E-07
  -2  -5     8.753917E-06
  -2  -4     1.331186E-04
  -2  -3     1.105607E-03
  -2  -2     5.015196E-03
  -2  -1     1.242511E-02
  -2   0     1.681271E-02
  -2   1     1.242511E-02
  -2   2     5.015196E-03
  -2   3     1.105607E-03
  -2   4     1.331186E-04
  -2   5     8.753917E-06
  -2   6     3.144067E-07
  -1  -6     7.797321E-07
  -1  -5     2.169822E-05
  -1  -4     3.298150E-04
  -1  -3     2.738321E-03
  -1  -2     1.241840E-02
  -1  -1     3.076200E-02
  -1   0     4.162276E-02
  -1   1     3.076200E-02
  -1   2     1.241840E-02
  -1   3     2.738321E-03
  -1   4     3.298150E-04
  -1   5     2.169822E-05
  -1   6     7.797321E-07
   0  -6     1.056059E-06
   0  -5     2.937202E-05
   0  -4     4.462615E-04
   0  -3     3.703862E-03
   0  -2     1.679307E-02
   0  -1     4.159252E-02
   0   0     5.627433E-02
   0   1     4.159252E-02
   0   2     1.679307E-02
   0   3     3.703862E-03
   0   4     4.462615E-04
   0   5     2.937202E-05
   0   6     1.056059E-06
   1  -6     7.813761E-07
   1  -5     2.172039E-05
   1  -4     3.298591E-04
   1  -3     2.736797E-03
   1  -2     1.240537E-02
   1  -1     3.072064E-02
   1   0     4.156269E-02
   1   1     3.072064E-02
   1   2     1.240537E-02
   1   3     2.736797E-03
   1   4     3.298591E-04
   1   5     2.172039E-05
   1   6     7.813761E-07
   2  -6     3.159016E-07
   2  -5     8.776688E-06
   2  -4     1.332308E-04
   2  -3     1.105029E-03
   2  -2     5.007687E-03
   2  -1     1.239925E-02
   2   0     1.677445E-02
   2   1     1.239925E-02
   2   2     5.007687E-03
   2   3     1.105029E-03
   2   4     1.332308E-04
   2   5     8.776688E-06
   2   6     3.159016E-07
   3  -6     6.980105E-08
   3  -5     1.938329E-06
   3  -4     2.941217E-05
   3  -3     2.438713E-04
   3  -2     1.104912E-03
   3  -1     2.735447E-03
   3   0     3.700511E-03
   3   1     2.735447E-03
   3   2     1.104912E-03
   3   3     2.438713E-04
   3   4     2.941217E-05
   3   5     1.938329E-06
   3   6     6.980105E-08
   4  -6     8.430880E-09
   4  -5     2.340150E-07
   4  -4     3.549642E-06
   4  -3     2.942352E-05
   4  -2     1.332827E-04
   4  -1     3.299295E-04
   4   0     4.463105E-04
   4   1     3.299295E-04
   4   2     1.332827E-04
   4   3     2.942352E-05
   4   4     3.549642E-06
   4   5     2.340150E-07
   4   6     8.430880E-09
   5  -6     5.567377E-10
   5  -5     1.544708E-08
   5  -4     2.342308E-07
   5  -3     1.941078E-06
   5  -2     8.791091E-06
   5  -1     2.175919E-05
   5   0     2.943356E-05
   5   1     2.175919E-05
   5   2     8.791091E-06
   5   3     1.941078E-06
   5   4     2.342308E-07
   5   5     1.544708E-08
   5   6     5.567377E-10
   6  -6     2.010232E-11
   6  -5     5.575521E-10
   6  -4     8.451917E-09
   6  -3     7.002531E-08
   6  -2     3.170909E-07
   6  -1     7.847680E-07
   6   0     1.061518E-06
   6   1     7.847680E-07
   6   2     3.170909E-07
   6   3     7.002531E-08
   6   4     8.451917E-09
   6   5     5.575521E-10
   6   6     2.010232E-11
