  -6  -6     1.947542E-11
  -6  -5     5.435821E-10
  -6  -4     8.283353E-09
  -6  -3     6.891346E-08
  -6  -2     3.130026E-07
  -6  -1     7.760954E-07
  -6   0     1.050451E-06
  -6   1     7.760954E-07
  -6   2     3.130026E-07
  -6   3     6.891346E-08
  -6   4     8.283353E-09
  -6   5     5.435821E-10
  -6   6     1.947542E-11
  -5  -6     5.450252E-10
  -5  -5     1.520264E-08
  -5  -4     2.315375E-07
  -5  -3     1.925401E-06
  -5  -2     8.742069E-06
  -5  -1     2.167132E-05
  -5   0     2.933005E-05
  -5   1     2.167132E-05
  -5   2     8.742069E-06
  -5   3     1.925401E-06
  -5   4     2.315375E-07
  -5   5     1.520264E-08
  -5   6     5.450252E-10
  -4  -6     8.315810E-09
  -4  -5     2.318144E-07
  -4  -4     3.528690E-06
  -4  -3     2.933073E-05
  -4  -2     1.331271E-04
  -4  -1     3.299428E-04
  -4   0     4.465097E-04
  -4   1     3.299428E-04
  -4   2     1.331271E-04
  -4   3     2.933073E-05
  -4   4     3.528690E-06
  -4   5     2.318144E-07
  -4   6     8.315810E-09
  -3  -6     6.921233E-08
  -3  -5     1.928264E-06
  -3  -4     2.933780E-05
  -3  -3     2.437619E-04
  -3  -2     1.106064E-03
  -3  -1     2.740754E-03
  -3   0     3.708801E-03
  -3   1     2.740754E-03
  -3   2     1.106064E-03
  -3   3     2.437619E-04
  -3   4     2.933780E-05
  -3   5     1.928264E-06
  -3   6     6.921233E-08
  -2  -6     3.143826E-07
  -2  -5     8.753762E-06
  -2  -4     1.331228E-04
  -2  -3     1.105684E-03
  -2  -2     5.015687E-03
  -2  -1     1.242654E-02
  -2   0     1.681473E-02
  -2   1     1.242654E-02
  -2   2     5.015687E-03
  -2   3     1.105684E-03
  -2   4     1.331228E-04
  -2   5     8.753762E-06
  -2   6     3.143826E-07
  -1  -6     7.796418E-07
  -1  -5     2.169604E-05
  -1  -4     3.297863E-04
  -1  -3     2.738110E-03
  -1  -2     1.241754E-02
  -1  -1     3.076000E-02
  -1   0     4.162012E-02
  -1   1     3.076000E-02
  -1   2     1.241754E-02
  -1   3     2.738110E-03
  -1   4     3.297863E-04
  -1   5     2.169604E-05
  -1   6     7.796418E-07
   0  -6     1.055920E-06
   0  -5     2.936695E-05
   0  -4     4.461695E-04
   0  -3     3.703002E-03
   0  -2     1.678886E-02
   0  -1     4.158163E-02
   0   0     5.625938E-02
   0   1     4.158163E-02
   0   2     1.678886E-02
   0   3     3.703002E-03
   0   4     4.461695E-04
   0   5     2.936695E-05
   0   6     1.055920E-06
   1  -6     7.812730E-07
   1  -5     2.171535E-05
   1  -4     3.297556E-04
   1  -3     2.735765E-03
   1  -2     1.240013E-02
   1  -1     3.070683E-02
   1   0     4.154363E-02
   1   1     3.070683E-02
   1   2     1.240013E-02
   1   3     2.735765E-03
   1   4     3.297556E-04
   1   5     2.171535E-05
   1   6     7.812730E-07
   2  -6     3.158794E-07
   2  -5     8.774627E-06
   2  -4     1.331816E-04
   2  -3     1.104505E-03
   2  -2     5.004945E-03
   2  -1     1.239191E-02
   2   0     1.676427E-02
   2   1     1.239191E-02
   2   2     5.004945E-03
   2   3     1.104505E-03
   2   4     1.331816E-04
   2   5     8.774627E-06
   2   6     3.158794E-07
   3  -6     6.980582E-08
   3  -5     1.938021E-06
   3  -4     2.940206E-05
   3  -3     2.437525E-04
   3  -2     1.104261E-03
   3  -1     2.733667E-03
   3   0     3.698028E-03
   3   1     2.733667E-03
   3   2     1.104261E-03
   3   3     2.437525E-04
   3   4     2.940206E-05
   3   5     1.938021E-06
   3   6     6.980582E-08
   4  -6     8.433319E-09
   4  -5     2.340169E-07
   4  -4     3.548858E-06
   4  -3     2.941181E-05
   4  -2     1.332128E-04
   4  -1     3.297318E-04
   4   0     4.460318E-04
   4   1     3.297318E-04
   4   2     1.332128E-04
   4   3     2.941181E-05
   4   4     3.548858E-06
   4   5     2.340169E-07
   4   6     8.433319E-09
   5  -6     5.570636E-10
   5  -5     1.545114E-08
   5  -4     2.342310E-07
   5  -3     1.940685E-06
   5  -2     8.788044E-06
   5  -1     2.174977E-05
   5   0     2.941997E-05
   5   1     2.174977E-05
   5   2     8.788044E-06
   5   3     1.940685E-06
   5   4     2.342310E-07
   5   5     1.545114E-08
   5   6     5.570636E-10
   6  -6     2.012131E-11
   6  -5     5.578832E-10
   6  -4     8.454528E-09
   6  -3     7.003148E-08
   6  -2     3.170691E-07
   6  -1     7.846403E-07
   6   0     1.061311E-06
   6   1     7.846403E-07
   6   2     3.170691E-07
   6   3     7.003148E-08
   6   4     8.454528E-09
   6   5     5.578832E-10
   6   6     2.012131E-11
