  -6  -6     2.114168E-11
  -6  -5     5.821965E-10
  -6  -4     8.773958E-09
  -6  -3     7.236305E-08
  -6  -2     3.266127E-07
  -6  -1     8.067582E-07
  -6   0     1.090554E-06
  -6   1     8.067582E-07
  -6   2     3.266127E-07
  -6   3     7.236305E-08
  -6   4     8.773958E-09
  -6   5     5.821965E-10
  -6   6     2.114168E-11
  -5  -6     5.828912E-10
  -5  -5     1.604702E-08
  -5  -4     2.417793E-07
  -5  -3     1.993707E-06
  -5  -2     8.997473E-06
  -5  -1     2.222269E-05
  -5   0     3.003922E-05
  -5   1     2.222269E-05
  -5   2     8.997473E-06
  -5   3     1.993707E-06
  -5   4     2.417793E-07
  -5   5     1.604702E-08
  -5   6     5.828912E-10
  -4  -6     8.790893E-09
  -4  -5     2.419419E-07
  -4  -4     3.644435E-06
  -4  -3     3.004622E-05
  -4  -2     1.355782E-04
  -4  -1     3.348342E-04
  -4   0     4.525952E-04
  -4   1     3.348342E-04
  -4   2     1.355782E-04
  -4   3     3.004622E-05
  -4   4     3.644435E-06
  -4   5     2.419419E-07
  -4   6     8.790893E-09
  -3  -6     7.253450E-08
  -3  -5     1.995670E-06
  -3  -4     3.005368E-05
  -3  -3     2.477260E-04
  -3  -2     1.117661E-03
  -3  -1     2.760028E-03
  -3   0     3.730622E-03
  -3   1     2.760028E-03
  -3   2     1.117661E-03
  -3   3     2.477260E-04
  -3   4     3.005368E-05
  -3   5     1.995670E-06
  -3   6     7.253450E-08
  -2  -6     3.274825E-07
  -2  -5     9.007267E-06
  -2  -4     1.356089E-04
  -2  -3     1.117567E-03
  -2  -2     5.041370E-03
  -2  -1     1.244841E-02
  -2   0     1.682553E-02
  -2   1     1.244841E-02
  -2   2     5.041370E-03
  -2   3     1.117567E-03
  -2   4     1.356089E-04
  -2   5     9.007267E-06
  -2   6     3.274825E-07
  -1  -6     8.091557E-07
  -1  -5     2.224814E-05
  -1  -4     3.348664E-04
  -1  -3     2.759088E-03
  -1  -2     1.244444E-02
  -1  -1     3.072567E-02
  -1   0     4.152822E-02
  -1   1     3.072567E-02
  -1   2     1.244444E-02
  -1   3     2.759088E-03
  -1   4     3.348664E-04
  -1   5     2.224814E-05
  -1   6     8.091557E-07
   0  -6     1.094340E-06
   0  -5     3.007921E-05
   0  -4     4.526094E-04
   0  -3     3.728410E-03
   0  -2     1.681382E-02
   0  -1     4.150994E-02
   0   0     5.610231E-02
   0   1     4.150994E-02
   0   2     1.681382E-02
   0   3     3.728410E-03
   0   4     4.526094E-04
   0   5     3.007921E-05
   0   6     1.094340E-06
   1  -6     8.102065E-07
   1  -5     2.226237E-05
   1  -4     3.349001E-04
   1  -3     2.758210E-03
   1  -2     1.243676E-02
   1  -1     3.070119E-02
   1   0     4.149265E-02
   1   1     3.070119E-02
   1   2     1.243676E-02
   1   3     2.758210E-03
   1   4     3.349001E-04
   1   5     2.226237E-05
   1   6     8.102065E-07
   2  -6     3.284082E-07
   2  -5     9.021286E-06
   2  -4     1.356791E-04
   2  -3     1.117244E-03
   2  -2     5.037011E-03
   2  -1     1.243334E-02
   2   0     1.680323E-02
   2   1     1.243334E-02
   2   2     5.037011E-03
   2   3     1.117244E-03
   2   4     1.356791E-04
   2   5     9.021286E-06
   2   6     3.284082E-07
   3  -6     7.288642E-08
   3  -5     2.001710E-06
   3  -4     3.009984E-05
   3  -3     2.478195E-04
   3  -2     1.117159E-03
   3  -1     2.757420E-03
   3   0     3.726480E-03
   3   1     2.757420E-03
   3   2     1.117159E-03
   3   3     2.478195E-04
   3   4     3.009984E-05
   3   5     2.001710E-06
   3   6     7.288642E-08
   4  -6     8.857553E-09
   4  -5     2.432155E-07
   4  -4     3.656716E-06
   4  -3     3.010326E-05
   4  -2     1.356932E-04
   4  -1     3.349075E-04
   4   0     4.525992E-04
   4   1     3.349075E-04
   4   2     1.356932E-04
   4   3     3.010326E-05
   4   4     3.656716E-06
   4   5     2.432155E-07
   4   6     8.857553E-09
   5  -6     5.894135E-10
   5  -5     1.618236E-08
   5  -4     2.432744E-07
   5  -3     2.002550E-06
   5  -2     9.026151E-06
   5  -1     2.227687E-05
   5   0     3.010496E-05
   5   1     2.227687E-05
   5   2     9.026151E-06
   5   3     2.002550E-06
   5   4     2.432744E-07
   5   5     1.618236E-08
   5   6     5.894135E-10
   6  -6     2.147635E-11
   6  -5     5.895830E-10
   6  -4     8.862757E-09
   6  -3     7.295113E-08
   6  -2     3.288019E-07
   6  -1     8.114761E-07
   6   0     1.096620E-06
   6   1     8.114761E-07
   6   2     3.288019E-07
   6   3     7.295113E-08
   6   4     8.862757E-09
   6   5     5.895830E-10
   6   6     2.147635E-11
