  -6  -6     2.116878E-11
  -6  -5     5.827664E-10
  -6  -4     8.780536E-09
  -6  -3     7.240625E-08
  -6  -2     3.267821E-07
  -6  -1     8.071588E-07
  -6   0     1.091094E-06
  -6   1     8.071588E-07
  -6   2     3.267821E-07
  -6   3     7.240625E-08
  -6   4     8.780536E-09
  -6   5     5.827664E-10
  -6   6     2.116878E-11
  -5  -6     5.839595E-10
  -5  -5     1.607074E-08
  -5  -4     2.420700E-07
  -5  -3     1.995717E-06
  -5  -2     9.005545E-06
  -5  -1     2.224164E-05
  -5   0     3.006457E-05
  -5   1     2.224164E-05
  -5   2     9.005545E-06
  -5   3     1.995717E-06
  -5   4     2.420700E-07
  -5   5     1.607074E-08
  -5   6     5.839595E-10
  -4  -6     8.807472E-09
  -4  -5     2.422997E-07
  -4  -4     3.648631E-06
  -4  -3     3.007343E-05
  -4  -2     1.356788E-04
  -4  -1     3.350529E-04
  -4   0     4.528785E-04
  -4   1     3.350529E-04
  -4   2     1.356788E-04
  -4   3     3.007343E-05
  -4   4     3.648631E-06
  -4   5     2.422997E-07
  -4   6     8.807472E-09
  -3  -6     7.266033E-08
  -3  -5     1.998225E-06
  -3  -4     3.008105E-05
  -3  -3     2.478806E-04
  -3  -2     1.118133E-03
  -3  -1     2.760860E-03
  -3   0     3.731598E-03
  -3   1     2.760860E-03
  -3   2     1.118133E-03
  -3   3     2.478806E-04
  -3   4     3.008105E-05
  -3   5     1.998225E-06
  -3   6     7.266033E-08
  -2  -6     3.279984E-07
  -2  -5     9.016945E-06
  -2  -4     1.356991E-04
  -2  -3     1.117954E-03
  -2  -2     5.041976E-03
  -2  -1     1.244821E-02
  -2   0     1.682450E-02
  -2   1     1.244821E-02
  -2   2     5.041976E-03
  -2   3     1.117954E-03
  -2   4     1.356991E-04
  -2   5     9.016945E-06
  -2   6     3.279984E-07
  -1  -6     8.103634E-07
  -1  -5     2.226897E-05
  -1  -4     3.350274E-04
  -1  -3     2.759438E-03
  -1  -2     1.244288E-02
  -1  -1     3.071715E-02
  -1   0     4.151461E-02
  -1   1     3.071715E-02
  -1   2     1.244288E-02
  -1   3     2.759438E-03
  -1   4     3.350274E-04
  -1   5     2.226897E-05
  -1   6     8.103634E-07
   0  -6     1.095994E-06
   0  -5     3.010600E-05
   0  -4     4.527827E-04
   0  -3     3.728365E-03
   0  -2     1.680887E-02
   0  -1     4.149072E-02
   0   0     5.607316E-02
   0   1     4.149072E-02
   0   2     1.680887E-02
   0   3     3.728365E-03
   0   4     4.527827E-04
   0   5     3.010600E-05
   0   6     1.095994E-06
   1  -6     8.115819E-07
   1  -5     2.228445E-05
   1  -4     3.350390E-04
   1  -3     2.758115E-03
   1  -2     1.243235E-02
   1  -1     3.068441E-02
   1   0     4.146732E-02
   1   1     3.068441E-02
   1   2     1.243235E-02
   1   3     2.758115E-03
   1   4     3.350390E-04
   1   5     2.228445E-05
   1   6     8.115819E-07
   2  -6     3.290702E-07
   2  -5     9.032417E-06
   2  -4     1.357599E-04
   2  -3     1.117354E-03
   2  -2     5.035724E-03
   2  -1     1.242752E-02
   2   0     1.679418E-02
   2   1     1.242752E-02
   2   2     5.035724E-03
   2   3     1.117354E-03
   2   4     1.357599E-04
   2   5     9.032417E-06
   2   6     3.290702E-07
   3  -6     7.306905E-08
   3  -5     2.005026E-06
   3  -4     3.012883E-05
   3  -3     2.479246E-04
   3  -2     1.117203E-03
   3  -1     2.756892E-03
   3   0     3.725481E-03
   3   1     2.756892E-03
   3   2     1.117203E-03
   3   3     2.479246E-04
   3   4     3.012883E-05
   3   5     2.005026E-06
   3   6     7.306905E-08
   4  -6     8.885718E-09
   4  -5     2.437689E-07
   4  -4     3.662334E-06
   4  -3     3.013223E-05
   4  -2     1.357682E-04
   4  -1     3.350103E-04
   4   0     4.527011E-04
   4   1     3.350103E-04
   4   2     1.357682E-04
   4   3     3.013223E-05
   4   4     3.662334E-06
   4   5     2.437689E-07
   4   6     8.885718E-09
   5  -6     5.917906E-10
   5  -5     1.623232E-08
   5  -4     2.438375E-07
   5  -3     2.005983E-06
   5  -2     9.037763E-06
   5  -1     2.229981E-05
   5   0     3.013338E-05
   5   1     2.229981E-05
   5   2     9.037763E-06
   5   3     2.005983E-06
   5   4     2.438375E-07
   5   5     1.623232E-08
   5   6     5.917906E-10
   6  -6     2.158485E-11
   6  -5     5.919880E-10
   6  -4     8.891869E-09
   6  -3     7.314573E-08
   6  -2     3.295343E-07
   6  -1     8.130693E-07
   6   0     1.098677E-06
   6   1     8.130693E-07
   6   2     3.295343E-07
   6   3     7.314573E-08
   6   4     8.891869E-09
   6   5     5.919880E-10
   6   6     2.158485E-11
