  -6  -6     3.603699E-15
  -6  -5     8.817960E-13
  -6  -4     7.937675E-11
  -6  -3     2.628597E-09
  -6  -2     3.202286E-08
  -6  -1     1.435165E-07
  -6   0     2.366187E-07
  -6   1     1.435165E-07
  -6   2     3.202286E-08
  -6   3     2.628597E-09
  -6   4     7.937675E-11
  -6   5     8.817960E-13
  -6   6     3.603699E-15
  -5  -6     3.243946E-13
  -5  -5     7.937675E-11
  -5  -4     7.145267E-09
  -5  -3     2.366187E-07
  -5  -2     2.882606E-06
  -5  -1     1.291895E-05
  -5   0     2.129974E-05
  -5   1     1.291895E-05
  -5   2     2.882606E-06
  -5   3     2.366187E-07
  -5   4     7.145267E-09
  -5   5     7.937675E-11
  -5   6     3.243946E-13
  -4  -6     1.074247E-11
  -4  -5     2.628597E-09
  -4  -4     2.366187E-07
  -4  -3     7.835736E-06
  -4  -2     9.545881E-05
  -4  -1     4.278167E-04
  -4   0     7.053505E-04
  -4   1     4.278167E-04
  -4   2     9.545881E-05
  -4   3     7.835736E-06
  -4   4     2.366187E-07
  -4   5     2.628597E-09
  -4   6     1.074247E-11
  -3  -6     1.308701E-10
  -3  -5     3.202286E-08
  -3  -4     2.882606E-06
  -3  -3     9.545881E-05
  -3  -2     1.162926E-03
  -3  -1     5.211875E-03
  -3   0     8.592929E-03
  -3   1     5.211875E-03
  -3   2     1.162926E-03
  -3   3     9.545881E-05
  -3   4     2.882606E-06
  -3   5     3.202286E-08
  -3   6     1.308701E-10
  -2  -6     5.865192E-10
  -2  -5     1.435165E-07
  -2  -4     1.291895E-05
  -2  -3     4.278167E-04
  -2  -2     5.211875E-03
  -2  -1     2.335800E-02
  -2   0     3.851083E-02
  -2   1     2.335800E-02
  -2   2     5.211875E-03
  -2   3     4.278167E-04
  -2   4     1.291895E-05
  -2   5     1.435165E-07
  -2   6     5.865192E-10
  -1  -6     9.670067E-10
  -1  -5     2.366187E-07
  -1  -4     2.129974E-05
  -1  -3     7.053505E-04
  -1  -2     8.592929E-03
  -1  -1     3.851083E-02
  -1   0     6.349363E-02
  -1   1     3.851083E-02
  -1   2     8.592929E-03
  -1   3     7.053505E-04
  -1   4     2.129974E-05
  -1   5     2.366187E-07
  -1   6     9.670067E-10
   0  -6     5.865192E-10
   0  -5     1.435165E-07
   0  -4     1.291895E-05
   0  -3     4.278167E-04
   0  -2     5.211875E-03
   0  -1     2.335800E-02
   0   0     3.851083E-02
   0   1     2.335800E-02
   0   2     5.211875E-03
   0   3     4.278167E-04
   0   4     1.291895E-05
   0   5     1.435165E-07
   0   6     5.865192E-10
   1  -6     1.308701E-10
   1  -5     3.202286E-08
   1  -4     2.882606E-06
   1  -3     9.545881E-05
   1  -2     1.162926E-03
   1  -1     5.211875E-03
   1   0     8.592929E-03
   1   1     5.211875E-03
   1   2     1.162926E-03
   1   3     9.545881E-05
   1   4     2.882606E-06
   1   5     3.202286E-08
   1   6     1.308701E-10
   2  -6     1.074247E-11
   2  -5     2.628597E-09
   2  -4     2.366187E-07
   2  -3     7.835736E-06
   2  -2     9.545881E-05
   2  -1     4.278167E-04
   2   0     7.053505E-04
   2   1     4.278167E-04
   2   2     9.545881E-05
   2   3     7.835736E-06
   2   4     2.366187E-07
   2   5     2.628597E-09
   2   6     1.074247E-11
   3  -6     3.243946E-13
   3  -5     7.937675E-11
   3  -4     7.145267E-09
   3  -3     2.366187E-07
   3  -2     2.882606E-06
   3  -1     1.291895E-05
   3   0     2.129974E-05
   3   1     1.291895E-05
   3   2     2.882606E-06
   3   3     2.366187E-07
   3   4     7.145267E-09
   3   5     7.937675E-11
   3   6     3.243946E-13
   4  -6     3.603699E-15
   4  -5     8.817960E-13
   4  -4     7.937675E-11
   4  -3     2.628597E-09
   4  -2     3.202286E-08
   4  -1     1.435165E-07
   4   0     2.366187E-07
   4   1     1.435165E-07
   4   2     3.202286E-08
   4   3     2.628597E-09
   4   4     7.937675E-11
   4   5     8.817960E-13
   4   6     3.603699E-15
   5  -6     1.472749E-17
   5  -5     3.603699E-15
   5  -4     3.243946E-13
   5  -3     1.074247E-11
   5  -2     1.308701E-10
   5  -1     5.865192E-10
   5   0     9.670067E-10
   5   1     5.865192E-10
   5   2     1.308701E-10
   5   3     1.074247E-11
   5   4     3.243946E-13
   5   5     3.603699E-15
   5   6     1.472749E-17
   6  -6     2.214189E-20
   6  -5     5.417942E-18
   6  -4     4.877076E-16
   6  -3     1.615066E-14
   6  -2     1.967553E-13
   6  -1     8.817960E-13
   6   0     1.453836E-12
   6   1     8.817960E-13
   6   2     1.967553E-13
   6   3     1.615066E-14
   6   4     4.877076E-16
   6   5     5.417942E-18
   6   6     2.214189E-20
