x,t=    0.000,  t=    5.000,  t=   10.000,  t=   15.000,  t=   20.000,  t=   25.000,  t=   30.000,  t=   35.000,  t=   40.000,  t=   45.000,  t=   50.000,
    0.000000,       0.000003,      -2.907660,      -2.848462,      -2.822468,      -2.810127,      -2.803485,      -2.799476,      -2.796771,      -2.794847,      -2.793495,      -2.792511,
    0.500000,       0.000003,      -2.892203,      -2.846740,      -2.821836,      -2.809798,      -2.803289,      -2.799367,      -2.796685,      -2.794790,      -2.793449,      -2.792466,
    1.000000,       0.000003,      -2.861032,      -2.842239,      -2.820115,      -2.808904,      -2.802765,      -2.799021,      -2.796452,      -2.794622,      -2.793335,      -2.792367,
    1.500000,       0.000003,      -2.814501,      -2.835251,      -2.817407,      -2.807463,      -2.801886,      -2.798469,      -2.796067,      -2.794355,      -2.793146,      -2.792219,
    2.000000,       0.000003,      -2.751221,      -2.826106,      -2.813812,      -2.805573,      -2.800705,      -2.797700,      -2.795561,      -2.794003,      -2.792900,      -2.792072,
    2.500000,       0.000003,      -2.667449,      -2.815231,      -2.809445,      -2.803219,      -2.799274,      -2.796738,      -2.794938,      -2.793568,      -2.792584,      -2.791833,
    3.000000,       0.000003,      -2.557010,      -2.802891,      -2.804538,      -2.800534,      -2.797601,      -2.795651,      -2.794201,      -2.793079,      -2.792208,      -2.791564,
    3.500000,       0.000003,      -2.412047,      -2.789386,      -2.799181,      -2.797525,      -2.795774,      -2.794390,      -2.793350,      -2.792487,      -2.791795,      -2.791265,
    4.000000,       0.000003,      -2.225402,      -2.774712,      -2.793623,      -2.794353,      -2.793788,      -2.793051,      -2.792450,      -2.791825,      -2.791360,      -2.790928,
    4.500000,       0.000003,      -1.994473,      -2.758785,      -2.787932,      -2.791070,      -2.791660,      -2.791638,      -2.791466,      -2.791162,      -2.790854,      -2.790570,
    5.000000,       0.000003,      -1.725355,      -2.741058,      -2.782332,      -2.787788,      -2.789495,      -2.790166,      -2.790425,      -2.790448,      -2.790322,      -2.790201,
    5.500000,       0.000003,      -1.434408,      -2.720640,      -2.776870,      -2.784578,      -2.787313,      -2.788689,      -2.789417,      -2.789675,      -2.789809,      -2.789793,
    6.000000,       0.000003,      -1.145200,      -2.696215,      -2.771635,      -2.781423,      -2.785233,      -2.787210,      -2.788327,      -2.788959,      -2.789283,      -2.789402,
    6.500000,       0.000003,      -0.881068,      -2.665653,      -2.766605,      -2.778484,      -2.783169,      -2.785735,      -2.787306,      -2.788198,      -2.788697,      -2.789004,
    7.000000,       0.000003,      -0.657923,      -2.626260,      -2.761816,      -2.775819,      -2.781257,      -2.784361,      -2.786275,      -2.787433,      -2.788130,      -2.788570,
    7.500000,       0.000003,      -0.481195,      -2.574383,      -2.757100,      -2.773343,      -2.779471,      -2.783029,      -2.785278,      -2.786678,      -2.787568,      -2.788133,
    8.000000,       0.000003,      -0.347773,      -2.505498,      -2.752374,      -2.771157,      -2.777821,      -2.781778,      -2.784331,      -2.785972,      -2.787018,      -2.787712,
    8.500000,       0.000003,      -0.250186,      -2.414452,      -2.747376,      -2.769273,      -2.776370,      -2.780636,      -2.783431,      -2.785269,      -2.786515,      -2.787325,
    9.000000,       0.000003,      -0.180052,      -2.295899,      -2.741752,      -2.767656,      -2.775123,      -2.779604,      -2.782622,      -2.784632,      -2.786022,      -2.786969,
    9.500000,       0.000003,      -0.130018,      -2.145547,      -2.735103,      -2.766316,      -2.774072,      -2.778729,      -2.781867,      -2.784084,      -2.785558,      -2.786594,
   10.000000,       0.000003,      -0.094353,      -1.961662,      -2.726755,      -2.765238,      -2.773256,      -2.778003,      -2.781233,      -2.783550,      -2.785161,      -2.786301,
   10.500000,       0.000003,      -0.068865,      -1.746984,      -2.715930,      -2.764333,      -2.772663,      -2.777450,      -2.780726,      -2.783112,      -2.784802,      -2.786020,
   11.000000,       0.000003,      -0.050573,      -1.509943,      -2.701499,      -2.763544,      -2.772282,      -2.777041,      -2.780318,      -2.782748,      -2.784528,      -2.785760,
   11.500000,       0.000003,      -0.037384,      -1.264073,      -2.682063,      -2.762832,      -2.772067,      -2.776743,      -2.780019,      -2.782501,      -2.784286,      -2.785552,
   12.000000,       0.000003,      -0.027832,      -1.025410,      -2.655743,      -2.762083,      -2.772035,      -2.776616,      -2.779852,      -2.782336,      -2.784121,      -2.785415,
   12.500000,       0.000003,      -0.020879,      -0.808406,      -2.620125,      -2.761183,      -2.772192,      -2.776650,      -2.779781,      -2.782234,      -2.784042,      -2.785320,
   13.000000,       0.000003,      -0.015784,      -0.622557,      -2.572169,      -2.759942,      -2.772444,      -2.776798,      -2.779818,      -2.782230,      -2.784013,      -2.785271,
   13.500000,       0.000003,      -0.012024,      -0.471261,      -2.508245,      -2.758168,      -2.772833,      -2.777056,      -2.779951,      -2.782295,      -2.784035,      -2.785286,
   14.000000,       0.000003,      -0.009216,      -0.352859,      -2.424205,      -2.755612,      -2.773298,      -2.777430,      -2.780167,      -2.782445,      -2.784133,      -2.785363,
   14.500000,       0.000003,      -0.007100,      -0.262743,      -2.315651,      -2.751928,      -2.773821,      -2.777869,      -2.780465,      -2.782685,      -2.784294,      -2.785499,
   15.000000,       0.000003,      -0.005484,      -0.195386,      -2.178947,      -2.746727,      -2.774354,      -2.778419,      -2.780863,      -2.782955,      -2.784518,      -2.785687,
   15.500000,       0.000003,      -0.004239,      -0.145515,      -2.012013,      -2.739408,      -2.774789,      -2.779024,      -2.781366,      -2.783336,      -2.784793,      -2.785916,
   16.000000,       0.000003,      -0.003276,      -0.108745,      -1.816010,      -2.729284,      -2.775209,      -2.779684,      -2.781924,      -2.783743,      -2.785102,      -2.786218,
   16.500000,       0.000003,      -0.002528,      -0.081625,      -1.596435,      -2.715306,      -2.775500,      -2.780461,      -2.782530,      -2.784183,      -2.785495,      -2.786564,
   17.000000,       0.000003,      -0.001942,      -0.061576,      -1.363535,      -2.696337,      -2.775592,      -2.781234,      -2.783175,      -2.784670,      -2.785917,      -2.786925,
   17.500000,       0.000003,      -0.001487,      -0.046703,      -1.130672,      -2.670660,      -2.775344,      -2.782016,      -2.783827,      -2.785180,      -2.786394,      -2.787357,
   18.000000,       0.000003,      -0.001141,      -0.035610,      -0.911543,      -2.636219,      -2.774775,      -2.782722,      -2.784501,      -2.785780,      -2.786911,      -2.787800,
   18.500000,       0.000003,      -0.000874,      -0.027298,      -0.717037,      -2.590348,      -2.773681,      -2.783462,      -2.785248,      -2.786417,      -2.787478,      -2.788311,
   19.000000,       0.000003,      -0.000662,      -0.021038,      -0.553142,      -2.529849,      -2.771886,      -2.784179,      -2.786001,      -2.787084,      -2.788070,      -2.788794,
   19.500000,       0.000003,      -0.000511,      -0.016297,      -0.420872,      -2.450990,      -2.769148,      -2.784894,      -2.786767,      -2.787791,      -2.788660,      -2.789311,
   20.000000,       0.000003,      -0.000391,      -0.012678,      -0.317554,      -2.349857,      -2.765182,      -2.785526,      -2.787558,      -2.788467,      -2.789247,      -2.789858,
   20.500000,       0.000003,      -0.000301,      -0.009906,      -0.238684,      -2.222711,      -2.759666,      -2.786043,      -2.788302,      -2.789169,      -2.789890,      -2.790396,
   21.000000,       0.000003,      -0.000227,      -0.007777,      -0.179318,      -2.067089,      -2.752101,      -2.786388,      -2.789034,      -2.789837,      -2.790483,      -2.790924,
   21.500000,       0.000003,      -0.000172,      -0.006134,      -0.134979,      -1.883021,      -2.741816,      -2.786555,      -2.789686,      -2.790488,      -2.791059,      -2.791450,
   22.000000,       0.000003,      -0.000127,      -0.004855,      -0.101956,      -1.674192,      -2.727929,      -2.786559,      -2.790326,      -2.791123,      -2.791609,      -2.791956,
   22.500000,       0.000003,      -0.000094,      -0.003860,      -0.077339,      -1.448629,      -2.709285,      -2.786279,      -2.790933,      -2.791706,      -2.792164,      -2.792451,
   23.000000,       0.000003,      -0.000067,      -0.003074,      -0.058951,      -1.218127,      -2.684485,      -2.785694,      -2.791531,      -2.792319,      -2.792735,      -2.793006,
   23.500000,       0.000003,      -0.000048,      -0.002456,      -0.045163,      -0.995896,      -2.651572,      -2.784665,      -2.792012,      -2.792905,      -2.793304,      -2.793509,
   24.000000,       0.000003,      -0.000031,      -0.001971,      -0.034772,      -0.793653,      -2.608173,      -2.783167,      -2.792472,      -2.793417,      -2.793806,      -2.793977,
   24.500000,       0.000003,      -0.000021,      -0.001589,      -0.026907,      -0.619197,      -2.551382,      -2.780997,      -2.792833,      -2.793967,      -2.794295,      -2.794453,
   25.000000,       0.000003,      -0.000012,      -0.001279,      -0.020922,      -0.475451,      -2.477744,      -2.777936,      -2.793199,      -2.794456,      -2.794769,      -2.794950,
   25.500000,       0.000003,      -0.000006,      -0.001034,      -0.016336,      -0.361250,      -2.383461,      -2.773697,      -2.793385,      -2.794955,      -2.795256,      -2.795389,
   26.000000,       0.000003,       0.000000,      -0.000839,      -0.012814,      -0.272902,      -2.264808,      -2.768029,      -2.793535,      -2.795405,      -2.795741,      -2.795825,
   26.500000,       0.000003,       0.000002,      -0.000674,      -0.010101,      -0.205762,      -2.118926,      -2.760412,      -2.793552,      -2.795819,      -2.796188,      -2.796310,
   27.000000,       0.000003,       0.000004,      -0.000552,      -0.007990,      -0.155268,      -1.944897,      -2.750239,      -2.793424,      -2.796202,      -2.796595,      -2.796721,
   27.500000,       0.000003,       0.000006,      -0.000446,      -0.006345,      -0.117476,      -1.744990,      -2.736773,      -2.793122,      -2.796604,      -2.796993,      -2.797119,
   28.000000,       0.000003,       0.000007,      -0.000360,      -0.005061,      -0.089221,      -1.525624,      -2.718941,      -2.792541,      -2.796943,      -2.797417,      -2.797502,
   28.500000,       0.000003,       0.000008,      -0.000295,      -0.004044,      -0.068071,      -1.297154,      -2.695409,      -2.791666,      -2.797261,      -2.797786,      -2.797917,
   29.000000,       0.000003,       0.000009,      -0.000240,      -0.003243,      -0.052179,      -1.072277,      -2.664446,      -2.790380,      -2.797526,      -2.798161,      -2.798289,
   29.500000,       0.000003,       0.000010,      -0.000200,      -0.002612,      -0.040196,      -0.863283,      -2.623880,      -2.788606,      -2.797751,      -2.798556,      -2.798659,
   30.000000,       0.000003,       0.000009,      -0.000164,      -0.002110,      -0.031109,      -0.679426,      -2.570961,      -2.786221,      -2.797895,      -2.798881,      -2.799042,
   30.500000,       0.000003,       0.000009,      -0.000131,      -0.001708,      -0.024197,      -0.525279,      -2.502484,      -2.783047,      -2.797977,      -2.799206,      -2.799381,
   31.000000,       0.000003,       0.000009,      -0.000106,      -0.001385,      -0.018899,      -0.401088,      -2.414759,      -2.778788,      -2.797949,      -2.799487,      -2.799719,
   31.500000,       0.000003,       0.000009,      -0.000085,      -0.001129,      -0.014833,      -0.303986,      -2.304078,      -2.773181,      -2.797787,      -2.799718,      -2.800039,
   32.000000,       0.000003,       0.000010,      -0.000068,      -0.000914,      -0.011689,      -0.229634,      -2.167219,      -2.765765,      -2.797539,      -2.799953,      -2.800304,
   32.500000,       0.000003,       0.000010,      -0.000053,      -0.000744,      -0.009253,      -0.173445,      -2.002498,      -2.756028,      -2.797174,      -2.800104,      -2.800535,
   33.000000,       0.000003,       0.000010,      -0.000043,      -0.000606,      -0.007347,      -0.131259,      -1.811109,      -2.743266,      -2.796613,      -2.800216,      -2.800756,
   33.500000,       0.000003,       0.000010,      -0.000032,      -0.000493,      -0.005857,      -0.099658,      -1.597919,      -2.726457,      -2.795891,      -2.800308,      -2.800924,
   34.000000,       0.000003,       0.000010,      -0.000025,      -0.000402,      -0.004683,      -0.075991,      -1.371977,      -2.704441,      -2.794844,      -2.800380,      -2.801087,
   34.500000,       0.000003,       0.000010,      -0.000019,      -0.000332,      -0.003759,      -0.058207,      -1.145331,      -2.675610,      -2.793479,      -2.800426,      -2.801201,
   35.000000,       0.000003,       0.000010,      -0.000015,      -0.000273,      -0.003026,      -0.044797,      -0.930609,      -2.637920,      -2.791651,      -2.800431,      -2.801332,
   35.500000,       0.000003,       0.000010,      -0.000009,      -0.000224,      -0.002444,      -0.034649,      -0.738184,      -2.588825,      -2.789231,      -2.800357,      -2.801455,
   36.000000,       0.000003,       0.000010,      -0.000004,      -0.000185,      -0.001978,      -0.026918,      -0.574237,      -2.525309,      -2.786092,      -2.800268,      -2.801569,
   36.500000,       0.000003,       0.000010,       0.000001,      -0.000147,      -0.001602,      -0.021011,      -0.440409,      -2.443855,      -2.781948,      -2.800128,      -2.801677,
   37.000000,       0.000003,       0.000010,       0.000003,      -0.000121,      -0.001306,      -0.016469,      -0.334713,      -2.340693,      -2.776575,      -2.799898,      -2.801730,
   37.500000,       0.000003,       0.000010,       0.000005,      -0.000097,      -0.001056,      -0.012967,      -0.253191,      -2.212362,      -2.769530,      -2.799569,      -2.801775,
   38.000000,       0.000003,       0.000010,       0.000007,      -0.000079,      -0.000861,      -0.010254,      -0.191317,      -2.056676,      -2.760372,      -2.799100,      -2.801840,
   38.500000,       0.000003,       0.000010,       0.000009,      -0.000063,      -0.000700,      -0.008133,      -0.144739,      -1.873708,      -2.748404,      -2.798487,      -2.801874,
   39.000000,       0.000003,       0.000010,       0.000010,      -0.000050,      -0.000570,      -0.006478,      -0.109829,      -1.667045,      -2.732736,      -2.797690,      -2.801893,
   39.500000,       0.000003,       0.000010,       0.000011,      -0.000039,      -0.000466,      -0.005175,      -0.083655,      -1.444459,      -2.712272,      -2.796611,      -2.801902,
   40.000000,       0.000003,       0.000010,       0.000013,      -0.000028,      -0.000383,      -0.004152,      -0.064000,      -1.217088,      -2.685535,      -2.795223,      -2.801861,
   40.500000,       0.000003,       0.000010,       0.000013,      -0.000021,      -0.000314,      -0.003335,      -0.049198,      -0.997651,      -2.650646,      -2.793425,      -2.801781,
   41.000000,       0.000003,       0.000010,       0.000013,      -0.000013,      -0.000256,      -0.002692,      -0.037996,      -0.797473,      -2.605250,      -2.791094,      -2.801673,
   41.500000,       0.000003,       0.000010,       0.000014,      -0.000009,      -0.000209,      -0.002180,      -0.029484,      -0.624183,      -2.546442,      -2.788046,      -2.801514,
   42.000000,       0.000003,       0.000010,       0.000014,      -0.000004,      -0.000170,      -0.001764,      -0.022981,      -0.480813,      -2.470845,      -2.784148,      -2.801308,
   42.500000,       0.000003,       0.000010,       0.000015,      -0.000000,      -0.000139,      -0.001435,      -0.017996,      -0.366436,      -2.374805,      -2.779050,      -2.801025,
   43.000000,       0.000003,       0.000010,       0.000015,       0.000006,      -0.000111,      -0.001160,      -0.014151,      -0.277587,      -2.254684,      -2.772472,      -2.800643,
   43.500000,       0.000003,       0.000010,       0.000016,       0.000009,      -0.000090,      -0.000944,      -0.011173,      -0.209824,      -2.107752,      -2.763912,      -2.800144,
   44.000000,       0.000003,       0.000010,       0.000015,       0.000011,      -0.000072,      -0.000770,      -0.008855,      -0.158681,      -1.933308,      -2.752779,      -2.799503,
   44.500000,       0.000003,       0.000010,       0.000015,       0.000012,      -0.000058,      -0.000625,      -0.007039,      -0.120294,      -1.733690,      -2.738223,      -2.798676,
   45.000000,       0.000003,       0.000010,       0.000016,       0.000014,      -0.000044,      -0.000511,      -0.005615,      -0.091529,      -1.515263,      -2.719290,      -2.797629,
   45.500000,       0.000003,       0.000010,       0.000016,       0.000015,      -0.000031,      -0.000416,      -0.004500,      -0.069935,      -1.288328,      -2.694573,      -2.796281,
   46.000000,       0.000003,       0.000010,       0.000016,       0.000015,      -0.000024,      -0.000339,      -0.003609,      -0.053677,      -1.065274,      -2.662324,      -2.794556,
   46.500000,       0.000003,       0.000010,       0.000016,       0.000018,      -0.000017,      -0.000277,      -0.002910,      -0.041397,      -0.858161,      -2.620381,      -2.792334,
   47.000000,       0.000003,       0.000010,       0.000016,       0.000018,      -0.000010,      -0.000227,      -0.002351,      -0.032075,      -0.675951,      -2.565998,      -2.789472,
   47.500000,       0.000003,       0.000010,       0.000017,       0.000019,      -0.000003,      -0.000183,      -0.001902,      -0.024969,      -0.523129,      -2.495963,      -2.785784,
   48.000000,       0.000003,       0.000010,       0.000017,       0.000020,       0.000000,      -0.000149,      -0.001541,      -0.019519,      -0.399887,      -2.406640,      -2.781042,
   48.500000,       0.000003,       0.000010,       0.000017,       0.000019,       0.000004,      -0.000118,      -0.001252,      -0.015322,      -0.303425,      -2.294356,      -2.774916,
   49.000000,       0.000003,       0.000010,       0.000017,       0.000019,       0.000010,      -0.000094,      -0.001012,      -0.012081,      -0.229473,      -2.156039,      -2.766947,
   49.500000,       0.000003,       0.000010,       0.000017,       0.000020,       0.000011,      -0.000073,      -0.000820,      -0.009570,      -0.173494,      -1.990160,      -2.756635,
   50.000000,       0.000003,       0.000010,       0.000017,       0.000019,       0.000015,      -0.000058,      -0.000667,      -0.007593,      -0.131421,      -1.797997,      -2.743188,
   50.500000,       0.000003,       0.000010,       0.000017,       0.000019,       0.000017,      -0.000044,      -0.000543,      -0.006051,      -0.099868,      -1.584647,      -2.725681,
   51.000000,       0.000003,       0.000010,       0.000017,       0.000020,       0.000017,      -0.000031,      -0.000440,      -0.004837,      -0.076206,      -1.359228,      -2.702843,
   51.500000,       0.000003,       0.000010,       0.000017,       0.000019,       0.000018,      -0.000019,      -0.000360,      -0.003879,      -0.058413,      -1.133734,      -2.673110,
   52.000000,       0.000003,       0.000010,       0.000017,       0.000019,       0.000020,      -0.000013,      -0.000291,      -0.003122,      -0.044978,      -0.920606,      -2.634375,
   52.500000,       0.000003,       0.000010,       0.000017,       0.000019,       0.000023,      -0.000007,      -0.000236,      -0.002513,      -0.034803,      -0.729986,      -2.584141,
   53.000000,       0.000003,       0.000010,       0.000017,       0.000019,       0.000023,       0.000000,      -0.000189,      -0.002034,      -0.027048,      -0.567807,      -2.519281,
   53.500000,       0.000003,       0.000010,       0.000017,       0.000019,       0.000024,       0.000005,      -0.000154,      -0.001644,      -0.021117,      -0.435523,      -2.436318,
   54.000000,       0.000003,       0.000010,       0.000017,       0.000019,       0.000025,       0.000010,      -0.000121,      -0.001333,      -0.016556,      -0.331100,      -2.331538,
   54.500000,       0.000003,       0.000010,       0.000017,       0.000020,       0.000026,       0.000015,      -0.000095,      -0.001074,      -0.013031,      -0.250583,      -2.201580,
   55.000000,       0.000003,       0.000010,       0.000017,       0.000020,       0.000027,       0.000017,      -0.000075,      -0.000874,      -0.010300,      -0.189434,      -2.044304,
   55.500000,       0.000003,       0.000010,       0.000017,       0.000020,       0.000028,       0.000021,      -0.000057,      -0.000708,      -0.008165,      -0.143395,      -1.859998,
   56.000000,       0.000003,       0.000010,       0.000017,       0.000020,       0.000028,       0.000023,      -0.000044,      -0.000571,      -0.006499,      -0.108854,      -1.652533,
   56.500000,       0.000003,       0.000010,       0.000017,       0.000020,       0.000028,       0.000026,      -0.000029,      -0.000465,      -0.005188,      -0.082946,      -1.429763,
   57.000000,       0.000003,       0.000010,       0.000017,       0.000020,       0.000027,       0.000028,      -0.000017,      -0.000376,      -0.004155,      -0.063485,      -1.203000,
   57.500000,       0.000003,       0.000010,       0.000017,       0.000020,       0.000028,       0.000029,      -0.000008,      -0.000306,      -0.003335,      -0.048820,      -0.984857,
   58.000000,       0.000003,       0.000010,       0.000017,       0.000020,       0.000028,       0.000029,      -0.000003,      -0.000243,      -0.002685,      -0.037708,      -0.786422,
   58.500000,       0.000003,       0.000010,       0.000017,       0.000020,       0.000028,       0.000030,       0.000005,      -0.000198,      -0.002167,      -0.029264,      -0.615088,
   59.000000,       0.000003,       0.000010,       0.000017,       0.000020,       0.000028,       0.000031,       0.000012,      -0.000156,      -0.001751,      -0.022816,      -0.473606,
   59.500000,       0.000003,       0.000010,       0.000017,       0.000020,       0.000028,       0.000031,       0.000014,      -0.000122,      -0.001417,      -0.017859,      -0.360888,
   60.000000,       0.000003,       0.000010,       0.000017,       0.000020,       0.000028,       0.000031,       0.000021,      -0.000096,      -0.001143,      -0.014042,      -0.273403,
   60.500000,       0.000003,       0.000010,       0.000017,       0.000020,       0.000028,       0.000032,       0.000024,      -0.000071,      -0.000926,      -0.011083,      -0.206703,
   61.000000,       0.000003,       0.000010,       0.000017,       0.000020,       0.000029,       0.000032,       0.000027,      -0.000054,      -0.000750,      -0.008781,      -0.156364,
   61.500000,       0.000003,       0.000010,       0.000017,       0.000020,       0.000028,       0.000033,       0.000032,      -0.000039,      -0.000605,      -0.006977,      -0.118583,
   62.000000,       0.000003,       0.000010,       0.000017,       0.000020,       0.000029,       0.000033,       0.000033,      -0.000024,      -0.000489,      -0.005563,      -0.090250,
   62.500000,       0.000003,       0.000010,       0.000017,       0.000020,       0.000029,       0.000032,       0.000035,      -0.000012,      -0.000396,      -0.004450,      -0.068982,
   63.000000,       0.000003,       0.000010,       0.000017,       0.000021,       0.000029,       0.000032,       0.000037,      -0.000002,      -0.000320,      -0.003564,      -0.052966,
   63.500000,       0.000003,       0.000010,       0.000017,       0.000020,       0.000029,       0.000032,       0.000037,       0.000004,      -0.000256,      -0.002867,      -0.040853,
   64.000000,       0.000003,       0.000010,       0.000017,       0.000020,       0.000029,       0.000032,       0.000038,       0.000011,      -0.000203,      -0.002311,      -0.031657,
   64.500000,       0.000003,       0.000010,       0.000017,       0.000021,       0.000028,       0.000033,       0.000039,       0.000018,      -0.000161,      -0.001864,      -0.024644,
   65.000000,       0.000003,       0.000010,       0.000017,       0.000021,       0.000028,       0.000033,       0.000039,       0.000021,      -0.000126,      -0.001503,      -0.019266,
   65.500000,       0.000003,       0.000010,       0.000017,       0.000021,       0.000028,       0.000033,       0.000040,       0.000027,      -0.000097,      -0.001216,      -0.015123,
   66.000000,       0.000003,       0.000010,       0.000017,       0.000022,       0.000028,       0.000032,       0.000040,       0.000028,      -0.000071,      -0.000982,      -0.011924,
   66.500000,       0.000003,       0.000010,       0.000017,       0.000022,       0.000028,       0.000033,       0.000040,       0.000033,      -0.000054,      -0.000793,      -0.009431,
   67.000000,       0.000003,       0.000010,       0.000017,       0.000022,       0.000027,       0.000033,       0.000040,       0.000038,      -0.000036,      -0.000637,      -0.007486,
   67.500000,       0.000003,       0.000010,       0.000017,       0.000022,       0.000028,       0.000033,       0.000040,       0.000037,      -0.000020,      -0.000515,      -0.005958,
   68.000000,       0.000003,       0.000010,       0.000017,       0.000022,       0.000028,       0.000033,       0.000040,       0.000041,      -0.000008,      -0.000412,      -0.004759,
   68.500000,       0.000003,       0.000010,       0.000017,       0.000022,       0.000027,       0.000034,       0.000040,       0.000042,       0.000004,      -0.000334,      -0.003809,
   69.000000,       0.000003,       0.000010,       0.000017,       0.000022,       0.000027,       0.000033,       0.000041,       0.000043,       0.000011,      -0.000266,      -0.003056,
   69.500000,       0.000003,       0.000010,       0.000017,       0.000022,       0.000027,       0.000034,       0.000041,       0.000044,       0.000018,      -0.000210,      -0.002463,
   70.000000,       0.000003,       0.000010,       0.000017,       0.000021,       0.000028,       0.000034,       0.000042,       0.000046,       0.000025,      -0.000164,      -0.001985,
   70.500000,       0.000003,       0.000010,       0.000017,       0.000021,       0.000028,       0.000034,       0.000041,       0.000046,       0.000029,      -0.000129,      -0.001601,
   71.000000,       0.000003,       0.000010,       0.000017,       0.000020,       0.000028,       0.000035,       0.000041,       0.000047,       0.000034,      -0.000098,      -0.001290,
   71.500000,       0.000003,       0.000010,       0.000017,       0.000020,       0.000028,       0.000035,       0.000041,       0.000049,       0.000037,      -0.000072,      -0.001038,
   72.000000,       0.000003,       0.000010,       0.000017,       0.000021,       0.000028,       0.000035,       0.000041,       0.000050,       0.000042,      -0.000049,      -0.000838,
   72.500000,       0.000003,       0.000010,       0.000017,       0.000021,       0.000028,       0.000036,       0.000041,       0.000051,       0.000046,      -0.000033,      -0.000674,
   73.000000,       0.000003,       0.000010,       0.000017,       0.000021,       0.000029,       0.000036,       0.000041,       0.000052,       0.000049,      -0.000016,      -0.000542,
   73.500000,       0.000003,       0.000010,       0.000017,       0.000020,       0.000030,       0.000037,       0.000042,       0.000052,       0.000053,      -0.000003,      -0.000434,
   74.000000,       0.000003,       0.000010,       0.000017,       0.000020,       0.000029,       0.000037,       0.000042,       0.000052,       0.000054,       0.000008,      -0.000347,
   74.500000,       0.000003,       0.000010,       0.000017,       0.000020,       0.000030,       0.000037,       0.000042,       0.000053,       0.000054,       0.000017,      -0.000275,
   75.000000,       0.000003,       0.000010,       0.000017,       0.000020,       0.000030,       0.000037,       0.000042,       0.000053,       0.000055,       0.000025,      -0.000217,
   75.500000,       0.000003,       0.000010,       0.000017,       0.000021,       0.000030,       0.000037,       0.000043,       0.000053,       0.000055,       0.000032,      -0.000169,
   76.000000,       0.000003,       0.000010,       0.000017,       0.000022,       0.000031,       0.000038,       0.000044,       0.000054,       0.000057,       0.000039,      -0.000130,
   76.500000,       0.000003,       0.000010,       0.000017,       0.000023,       0.000031,       0.000039,       0.000044,       0.000054,       0.000058,       0.000041,      -0.000098,
   77.000000,       0.000003,       0.000010,       0.000017,       0.000023,       0.000031,       0.000038,       0.000045,       0.000054,       0.000059,       0.000046,      -0.000070,
   77.500000,       0.000003,       0.000010,       0.000017,       0.000024,       0.000031,       0.000038,       0.000046,       0.000054,       0.000061,       0.000051,      -0.000045,
   78.000000,       0.000003,       0.000010,       0.000018,       0.000024,       0.000031,       0.000038,       0.000047,       0.000055,       0.000062,       0.000055,      -0.000030,
   78.500000,       0.000003,       0.000010,       0.000018,       0.000025,       0.000031,       0.000037,       0.000048,       0.000055,       0.000063,       0.000057,      -0.000011,
   79.000000,       0.000003,       0.000010,       0.000018,       0.000025,       0.000032,       0.000038,       0.000049,       0.000054,       0.000063,       0.000060,       0.000002,
   79.500000,       0.000003,       0.000010,       0.000018,       0.000025,       0.000032,       0.000038,       0.000049,       0.000054,       0.000062,       0.000062,       0.000014,
   80.000000,       0.000003,       0.000010,       0.000018,       0.000026,       0.000032,       0.000039,       0.000048,       0.000053,       0.000064,       0.000063,       0.000022,
   80.500000,       0.000003,       0.000010,       0.000018,       0.000027,       0.000033,       0.000039,       0.000047,       0.000055,       0.000063,       0.000063,       0.000029,
   81.000000,       0.000003,       0.000010,       0.000018,       0.000027,       0.000032,       0.000039,       0.000048,       0.000055,       0.000061,       0.000066,       0.000037,
   81.500000,       0.000003,       0.000010,       0.000018,       0.000027,       0.000033,       0.000039,       0.000048,       0.000056,       0.000061,       0.000069,       0.000044,
   82.000000,       0.000003,       0.000010,       0.000018,       0.000027,       0.000033,       0.000039,       0.000048,       0.000056,       0.000062,       0.000070,       0.000047,
   82.500000,       0.000003,       0.000010,       0.000017,       0.000026,       0.000033,       0.000040,       0.000048,       0.000056,       0.000063,       0.000068,       0.000053,
   83.000000,       0.000003,       0.000010,       0.000017,       0.000026,       0.000032,       0.000040,       0.000049,       0.000056,       0.000063,       0.000069,       0.000057,
   83.500000,       0.000003,       0.000009,       0.000017,       0.000026,       0.000033,       0.000039,       0.000049,       0.000057,       0.000065,       0.000070,       0.000059,
   84.000000,       0.000003,       0.000010,       0.000017,       0.000026,       0.000032,       0.000039,       0.000048,       0.000057,       0.000065,       0.000070,       0.000061,
   84.500000,       0.000003,       0.000010,       0.000017,       0.000026,       0.000033,       0.000039,       0.000049,       0.000057,       0.000064,       0.000070,       0.000060,
   85.000000,       0.000003,       0.000010,       0.000017,       0.000026,       0.000032,       0.000040,       0.000050,       0.000057,       0.000063,       0.000069,       0.000063,
   85.500000,       0.000003,       0.000010,       0.000017,       0.000026,       0.000032,       0.000041,       0.000049,       0.000058,       0.000062,       0.000069,       0.000062,
   86.000000,       0.000003,       0.000010,       0.000018,       0.000027,       0.000032,       0.000041,       0.000050,       0.000057,       0.000062,       0.000069,       0.000061,
   86.500000,       0.000003,       0.000010,       0.000018,       0.000026,       0.000033,       0.000041,       0.000049,       0.000057,       0.000062,       0.000068,       0.000059,
   87.000000,       0.000003,       0.000010,       0.000019,       0.000027,       0.000033,       0.000041,       0.000049,       0.000056,       0.000062,       0.000065,       0.000058,
   87.500000,       0.000003,       0.000010,       0.000019,       0.000027,       0.000033,       0.000041,       0.000050,       0.000057,       0.000062,       0.000063,       0.000058,
   88.000000,       0.000003,       0.000010,       0.000020,       0.000026,       0.000033,       0.000042,       0.000051,       0.000057,       0.000061,       0.000064,       0.000058,
   88.500000,       0.000003,       0.000010,       0.000019,       0.000026,       0.000033,       0.000042,       0.000051,       0.000056,       0.000060,       0.000062,       0.000057,
   89.000000,       0.000003,       0.000010,       0.000019,       0.000026,       0.000033,       0.000042,       0.000051,       0.000055,       0.000060,       0.000060,       0.000057,
   89.500000,       0.000003,       0.000010,       0.000019,       0.000026,       0.000032,       0.000041,       0.000050,       0.000055,       0.000060,       0.000059,       0.000058,
   90.000000,       0.000003,       0.000010,       0.000019,       0.000026,       0.000032,       0.000043,       0.000050,       0.000054,       0.000058,       0.000055,       0.000057,
   90.500000,       0.000003,       0.000010,       0.000019,       0.000026,       0.000032,       0.000043,       0.000049,       0.000053,       0.000057,       0.000055,       0.000055,
   91.000000,       0.000003,       0.000010,       0.000019,       0.000025,       0.000033,       0.000043,       0.000049,       0.000052,       0.000056,       0.000053,       0.000053,
   91.500000,       0.000003,       0.000011,       0.000019,       0.000025,       0.000033,       0.000042,       0.000050,       0.000051,       0.000054,       0.000052,       0.000052,
   92.000000,       0.000003,       0.000010,       0.000019,       0.000024,       0.000033,       0.000042,       0.000048,       0.000049,       0.000052,       0.000051,       0.000052,
   92.500000,       0.000003,       0.000010,       0.000018,       0.000025,       0.000033,       0.000041,       0.000047,       0.000048,       0.000050,       0.000050,       0.000051,
   93.000000,       0.000003,       0.000010,       0.000019,       0.000024,       0.000033,       0.000040,       0.000045,       0.000048,       0.000049,       0.000049,       0.000049,
   93.500000,       0.000003,       0.000011,       0.000019,       0.000023,       0.000032,       0.000040,       0.000044,       0.000047,       0.000047,       0.000047,       0.000050,
   94.000000,       0.000003,       0.000011,       0.000018,       0.000024,       0.000032,       0.000039,       0.000042,       0.000045,       0.000045,       0.000046,       0.000048,
   94.500000,       0.000003,       0.000010,       0.000019,       0.000024,       0.000032,       0.000039,       0.000040,       0.000043,       0.000044,       0.000045,       0.000047,
   95.000000,       0.000003,       0.000011,       0.000018,       0.000024,       0.000032,       0.000037,       0.000039,       0.000042,       0.000041,       0.000043,       0.000046,
   95.500000,       0.000003,       0.000010,       0.000017,       0.000022,       0.000031,       0.000035,       0.000038,       0.000041,       0.000041,       0.000042,       0.000045,
   96.000000,       0.000003,       0.000010,       0.000017,       0.000022,       0.000031,       0.000035,       0.000036,       0.000039,       0.000040,       0.000042,       0.000043,
   96.500000,       0.000003,       0.000010,       0.000016,       0.000022,       0.000028,       0.000033,       0.000034,       0.000037,       0.000038,       0.000040,       0.000042,
   97.000000,       0.000003,       0.000010,       0.000016,       0.000021,       0.000028,       0.000031,       0.000032,       0.000037,       0.000036,       0.000039,       0.000042,
   97.500000,       0.000003,       0.000010,       0.000015,       0.000021,       0.000025,       0.000029,       0.000031,       0.000033,       0.000033,       0.000038,       0.000039,
   98.000000,       0.000003,       0.000010,       0.000014,       0.000020,       0.000023,       0.000028,       0.000028,       0.000032,       0.000033,       0.000037,       0.000038,
   98.500000,       0.000003,       0.000008,       0.000013,       0.000018,       0.000022,       0.000024,       0.000026,       0.000030,       0.000031,       0.000033,       0.000035,
   99.000000,       0.000003,       0.000008,       0.000012,       0.000016,       0.000020,       0.000022,       0.000023,       0.000026,       0.000028,       0.000032,       0.000033,
   99.500000,       0.000003,       0.000007,       0.000009,       0.000015,       0.000018,       0.000019,       0.000021,       0.000022,       0.000024,       0.000028,       0.000031,
